0.014781 0.000000 0.000000 0.000000 -0.000000 0.000000 -0.000000 1.000000
0.545942 0.199936 -0.083817 0.976217 -0.000895 0.003603 0.000816 0.999993
0.141312 0.105427 -0.041932 1.970860 -0.000771 0.007279 0.001746 0.999972
0.138137 0.495650 -0.150378 2.885172 -0.000733 0.005008 0.002912 0.999983
0.137524 0.178389 -0.192464 3.832576 -0.000027 0.007636 0.003792 0.999964
0.138842 0.226627 -0.337514 4.820823 -0.002253 0.003377 0.002020 0.999990
0.135597 0.329727 -0.459326 5.808007 -0.002018 -0.005002 0.002234 0.999983
0.133043 0.428446 -0.468116 6.803084 -0.001762 -0.015372 0.002442 0.999877
0.134463 0.319244 -0.417335 7.795805 -0.001274 -0.025594 0.000177 0.999672
0.134221 0.086646 -0.429595 8.768301 -0.000930 -0.032805 -0.002013 0.999459
0.133161 0.068977 -0.364206 9.766004 -0.000240 -0.042885 -0.002652 0.999076
0.134712 -0.139408 -0.355807 10.744015 -0.000691 -0.052237 -0.002056 0.998632
0.135842 -0.289883 -0.365928 11.732577 -0.000912 -0.061566 -0.001667 0.998101
0.143383 -0.348611 -0.352632 12.730762 -0.000986 -0.071077 -0.001930 0.997468
0.139581 -0.535225 -0.374437 13.712954 -0.001505 -0.077512 -0.002564 0.996987
0.144388 -0.695886 -0.370837 14.699957 -0.001062 -0.084145 -0.003346 0.996447
0.150784 -1.056433 -0.415220 15.631641 -0.001044 -0.089186 -0.002280 0.996012
0.149825 -0.997766 -0.379524 16.629280 0.000735 -0.096054 -0.001538 0.995375
0.148810 -1.228906 -0.351176 17.601788 0.002258 -0.099388 -0.002826 0.995042
0.158991 -1.514668 -0.387350 18.559406 0.002658 -0.101627 -0.003371 0.994813
0.157904 -1.325023 -0.320749 19.538997 0.004977 -0.109019 -0.003140 0.994022
0.176727 -1.400250 -0.381474 20.534313 0.005275 -0.113718 -0.001920 0.993497
0.157887 -1.746666 -0.405095 21.472096 0.005528 -0.117498 0.001816 0.993056
0.382730 -2.105036 -0.454370 22.404375 0.006262 -0.121398 0.002673 0.992581
0.300800 -2.514006 -0.490306 23.316215 0.008831 -0.125096 -0.000257 0.992105
