0.176140 0.000000 0.000000 0.000000 -0.000000 0.000000 -0.000000 1.000000
0.199178 0.045892 -0.041577 0.998081 -0.000722 0.005854 0.001493 0.999981
0.089110 -0.539903 0.533207 0.426708 0.581581 -0.576061 0.574377 0.002934
0.087917 -1.125699 1.107991 -0.144665 -0.000722 0.005854 0.001493 0.999981
0.085797 -1.711494 1.682776 -0.716038 -0.000722 0.005854 0.001493 0.999981
0.083831 -2.297289 2.257560 -1.287411 -0.000722 0.005854 0.001493 0.999981
0.084747 -2.883085 2.832344 -1.858783 -0.000722 0.005854 0.001493 0.999981
0.084943 -3.468880 3.407128 -2.430156 0.581581 -0.576061 0.574377 0.002934
0.086199 -4.054675 3.981913 -3.001529 0.581581 -0.576061 0.574377 0.002934
0.086508 -4.640471 4.556697 -3.572902 0.581581 -0.576061 0.574377 0.002934
0.083843 -5.226266 5.131481 -4.144275 0.581581 -0.576061 0.574377 0.002934
0.088456 -5.812061 5.706265 -4.715648 0.581581 -0.576061 0.574377 0.002934
0.083924 -5.226266 5.131481 -4.144275 0.581581 -0.576061 0.574377 0.002934
0.092579 -5.812061 5.706265 -4.715648 -0.000722 0.005854 0.001493 0.999981
0.088514 -6.397857 6.281050 -5.287020 -0.000722 0.005854 0.001493 0.999981
0.093344 -6.983652 6.855834 -5.858393 0.581581 -0.576061 0.574377 0.002934
0.094163 -7.569447 7.430618 -6.429766 0.581581 -0.576061 0.574377 0.002934
0.093425 -8.155242 8.005402 -7.001139 -0.000722 0.005854 0.001493 0.999981
0.093478 -8.741038 8.580187 -7.572512 -0.000722 0.005854 0.001493 0.999981
0.094730 -9.326833 9.154971 -8.143885 -0.000722 0.005854 0.001493 0.999981
0.096221 -9.912628 9.729755 -8.715257 0.581581 -0.576061 0.574377 0.002934
0.095996 -10.498424 10.304539 -9.286630 -0.000722 0.005854 0.001493 0.999981
0.096973 -11.084219 10.879323 -9.858003 0.581581 -0.576061 0.574377 0.002934
0.094207 -11.670014 11.454108 -10.429376 -0.000722 0.005854 0.001493 0.999981
0.095667 -11.084219 10.879323 -9.858003 0.581581 -0.576061 0.574377 0.002934
0.097939 -10.498424 10.304539 -9.286630 0.581581 -0.576061 0.574377 0.002934
0.109091 -9.912628 9.729755 -8.715257 0.581581 -0.576061 0.574377 0.002934
0.114645 -9.326833 9.154971 -8.143885 -0.000722 0.005854 0.001493 0.999981
0.113473 -9.912628 9.729755 -8.715257 0.581581 -0.576061 0.574377 0.002934
0.110796 -10.498424 10.304539 -9.286630 0.581581 -0.576061 0.574377 0.002934
0.109363 -11.084219 10.879323 -9.858003 0.581581 -0.576061 0.574377 0.002934
0.111130 -11.670014 11.454108 -10.429376 0.581581 -0.576061 0.574377 0.002934
0.112683 -11.084219 10.879323 -9.858003 0.581581 -0.576061 0.574377 0.002934
0.119299 -11.670014 11.454108 -10.429376 0.581581 -0.576061 0.574377 0.002934
0.124415 -12.255810 12.028892 -11.000749 0.581581 -0.576061 0.574377 0.002934
0.120793 -11.670014 11.454108 -10.429376 0.581581 -0.576061 0.574377 0.002934
0.121055 -12.255810 12.028892 -11.000749 0.581581 -0.576061 0.574377 0.002934
0.129208 -11.670014 11.454108 -10.429376 0.581581 -0.576061 0.574377 0.002934
0.124543 -12.255810 12.028892 -11.000749 -0.000722 0.005854 0.001493 0.999981
0.246814 -12.841605 12.603676 -11.572122 0.581581 -0.576061 0.574377 0.002934
0.431324 -13.427400 13.178460 -12.143494 0.581581 -0.576061 0.574377 0.002934
0.140657 -14.013196 13.753245 -12.714867 0.581581 -0.576061 0.574377 0.002934
0.139827 -13.427400 13.178460 -12.143494 0.581581 -0.576061 0.574377 0.002934
0.135550 -14.013196 13.753245 -12.714867 0.581581 -0.576061 0.574377 0.002934
0.139984 -14.598991 14.328029 -13.286240 -0.000722 0.005854 0.001493 0.999981
0.138076 -15.184786 14.902813 -13.857613 -0.000722 0.005854 0.001493 0.999981
0.140903 -15.770582 15.477597 -14.428986 -0.000722 0.005854 0.001493 0.999981
0.136934 -16.356377 16.052382 -15.000359 -0.000722 0.005854 0.001493 0.999981
0.138256 -16.942172 16.627166 -15.571731 -0.000722 0.005854 0.001493 0.999981
0.133378 -16.356377 16.052382 -15.000359 -0.000722 0.005854 0.001493 0.999981
0.131811 -16.942172 16.627166 -15.571731 -0.000722 0.005854 0.001493 0.999981
0.132118 -17.527968 17.201950 -16.143104 -0.000722 0.005854 0.001493 0.999981
0.129893 -18.113763 17.776734 -16.714477 -0.000722 0.005854 0.001493 0.999981
0.127419 -18.699558 18.351519 -17.285850 -0.000722 0.005854 0.001493 0.999981
0.128430 -19.285354 18.926303 -17.857223 -0.000722 0.005854 0.001493 0.999981
0.131342 -18.699558 18.351519 -17.285850 0.581581 -0.576061 0.574377 0.002934
0.132204 -19.285354 18.926303 -17.857223 -0.000722 0.005854 0.001493 0.999981
0.129601 -19.871149 19.501087 -18.428596 0.581581 -0.576061 0.574377 0.002934
0.128618 -19.307093 18.765685 -18.804129 0.581581 -0.576061 0.574377 0.002934
0.134226 -19.892888 19.340469 -19.375501 0.581581 -0.576061 0.574377 0.002934
0.123993 -20.478684 19.915254 -19.946874 -0.000722 0.005854 0.001493 0.999981
0.127439 -19.892888 19.340469 -19.375501 0.581581 -0.576061 0.574377 0.002934
0.127074 -19.945093 19.087712 -18.409381 0.581581 -0.576061 0.574377 0.002934
0.127428 -20.530888 19.662496 -18.980754 -0.000722 0.005854 0.001493 0.999981
0.127634 -21.116684 20.237280 -19.552127 0.581581 -0.576061 0.574377 0.002934
0.127611 -21.702479 20.812064 -20.123500 0.581581 -0.576061 0.574377 0.002934
0.128061 -22.288274 21.386849 -20.694873 -0.000722 0.005854 0.001493 0.999981
0.124686 -22.874070 21.961633 -21.266245 -0.000722 0.005854 0.001493 0.999981
0.124008 -23.459865 22.536417 -21.837618 -0.000722 0.005854 0.001493 0.999981
0.123363 -22.874070 21.961633 -21.266245 -0.000722 0.005854 0.001493 0.999981
0.124878 -23.459865 22.536417 -21.837618 -0.000722 0.005854 0.001493 0.999981
0.135596 -24.045660 23.111201 -22.408991 -0.000722 0.005854 0.001493 0.999981
0.133801 -24.631456 23.685986 -22.980364 -0.000722 0.005854 0.001493 0.999981
0.136185 -25.217251 24.260770 -23.551737 0.581581 -0.576061 0.574377 0.002934
0.132822 -25.803046 24.835554 -24.123110 0.581581 -0.576061 0.574377 0.002934
0.129838 -26.388841 25.410338 -24.694482 0.581581 -0.576061 0.574377 0.002934
0.132400 -26.974637 25.985123 -25.265855 -0.000722 0.005854 0.001493 0.999981
0.135485 -27.560432 26.559907 -25.837228 0.581581 -0.576061 0.574377 0.002934
0.132083 -28.146227 27.134691 -26.408601 0.581581 -0.576061 0.574377 0.002934
0.126164 -28.732023 27.709475 -26.979974 -0.000722 0.005854 0.001493 0.999981
0.131423 -29.317818 28.284260 -27.551347 -0.000722 0.005854 0.001493 0.999981
0.131772 -29.903613 28.859044 -28.122719 -0.000722 0.005854 0.001493 0.999981
0.132559 -29.317818 28.284260 -27.551347 -0.000722 0.005854 0.001493 0.999981
0.129210 -29.903613 28.859044 -28.122719 -0.000722 0.005854 0.001493 0.999981
0.131716 -30.489409 29.433828 -28.694092 0.581581 -0.576061 0.574377 0.002934
0.141995 -31.075204 30.008612 -29.265465 -0.000722 0.005854 0.001493 0.999981
0.143065 -31.660999 30.583397 -29.836838 -0.000722 0.005854 0.001493 0.999981
0.130696 -31.075204 30.008612 -29.265465 0.581581 -0.576061 0.574377 0.002934
0.124554 -31.660999 30.583397 -29.836838 0.581581 -0.576061 0.574377 0.002934
0.131619 -31.075204 30.008612 -29.265465 0.581581 -0.576061 0.574377 0.002934
0.124711 -30.489409 29.433828 -28.694092 0.581581 -0.576061 0.574377 0.002934
0.129573 -31.075204 30.008612 -29.265465 -0.000722 0.005854 0.001493 0.999981
0.134077 -31.660999 30.583397 -29.836838 -0.000722 0.005854 0.001493 0.999981
0.155028 -32.246795 31.158181 -30.408211 -0.000722 0.005854 0.001493 0.999981
0.142639 -32.832590 31.732965 -30.979584 0.581581 -0.576061 0.574377 0.002934
0.141302 -33.418385 32.307749 -31.550956 -0.000722 0.005854 0.001493 0.999981
0.146655 -34.004181 32.882534 -32.122329 0.581581 -0.576061 0.574377 0.002934
0.145436 -33.418385 32.307749 -31.550956 0.581581 -0.576061 0.574377 0.002934
0.145466 -34.004181 32.882534 -32.122329 0.581581 -0.576061 0.574377 0.002934
0.144118 -34.589976 33.457318 -32.693702 -0.000722 0.005854 0.001493 0.999981
0.141852 -35.175771 34.032102 -33.265075 -0.000722 0.005854 0.001493 0.999981
0.143066 -34.589976 33.457318 -32.693702 -0.000722 0.005854 0.001493 0.999981
0.135447 -35.175771 34.032102 -33.265075 0.581581 -0.576061 0.574377 0.002934
0.139057 -34.589976 33.457318 -32.693702 0.581581 -0.576061 0.574377 0.002934
0.139777 -35.175771 34.032102 -33.265075 0.581581 -0.576061 0.574377 0.002934
0.139275 -34.589976 33.457318 -32.693702 0.581581 -0.576061 0.574377 0.002934
0.143340 -35.175771 34.032102 -33.265075 0.581581 -0.576061 0.574377 0.002934
0.133447 -35.582756 33.441615 -32.568161 0.581581 -0.576061 0.574377 0.002934
0.138322 -36.168551 34.016400 -33.139534 -0.000722 0.005854 0.001493 0.999981
0.139483 -36.754347 34.591184 -33.710907 0.581581 -0.576061 0.574377 0.002934
0.139357 -36.168551 34.016400 -33.139534 0.581581 -0.576061 0.574377 0.002934
0.137394 -36.754347 34.591184 -33.710907 0.581581 -0.576061 0.574377 0.002934
0.139115 -36.168551 34.016400 -33.139534 0.581581 -0.576061 0.574377 0.002934
0.133033 -36.754347 34.591184 -33.710907 -0.000722 0.005854 0.001493 0.999981
0.132986 -37.340142 35.165968 -34.282280 0.581581 -0.576061 0.574377 0.002934
0.135502 -36.754347 34.591184 -33.710907 0.581581 -0.576061 0.574377 0.002934
0.129780 -36.168551 34.016400 -33.139534 0.581581 -0.576061 0.574377 0.002934
0.131171 -36.754347 34.591184 -33.710907 0.581581 -0.576061 0.574377 0.002934
0.133531 -37.340142 35.165968 -34.282280 -0.000722 0.005854 0.001493 0.999981
0.136222 -37.925937 35.740752 -34.853652 -0.000722 0.005854 0.001493 0.999981
0.131617 -38.511733 36.315537 -35.425025 0.581581 -0.576061 0.574377 0.002934
0.129953 -39.097528 36.890321 -35.996398 -0.000722 0.005854 0.001493 0.999981
0.140066 -39.683323 37.465105 -36.567771 -0.000722 0.005854 0.001493 0.999981
0.134323 -40.269119 38.039889 -37.139144 -0.000722 0.005854 0.001493 0.999981
0.132041 -40.854914 38.614674 -37.710517 0.581581 -0.576061 0.574377 0.002934
0.128779 -41.440709 39.189458 -38.281889 -0.000722 0.005854 0.001493 0.999981
0.124409 -42.026505 39.764242 -38.853262 0.581581 -0.576061 0.574377 0.002934
0.123954 -41.440709 39.189458 -38.281889 0.581581 -0.576061 0.574377 0.002934
0.125380 -42.026505 39.764242 -38.853262 0.581581 -0.576061 0.574377 0.002934
0.127948 -42.612300 40.339026 -39.424635 -0.000722 0.005854 0.001493 0.999981
0.134669 -42.026505 39.764242 -38.853262 0.581581 -0.576061 0.574377 0.002934
0.140917 -42.612300 40.339026 -39.424635 0.581581 -0.576061 0.574377 0.002934
0.133486 -42.026505 39.764242 -38.853262 -0.000722 0.005854 0.001493 0.999981
0.137514 -42.612300 40.339026 -39.424635 -0.000722 0.005854 0.001493 0.999981
0.139014 -43.198095 40.913811 -39.996008 0.581581 -0.576061 0.574377 0.002934
0.139793 -43.783890 41.488595 -40.567381 -0.000722 0.005854 0.001493 0.999981
