1.0 0.0 0.0 0.0 0.0 1.0 0.0 0.0 0.0 0.0 1.0 0.0
0.999940263391522 -0.002043273795851547 0.010737536062252542 0.014801248954880265 0.0020270118148467647 0.9999967825451509 0.001525163089555276 -0.017600171507251846 -0.010740617840490326 -0.0015033068690244109 0.9999411878689978 0.9997355435275328
0.9999085659572268 -0.000753569022024358 0.013501550247681746 0.05434104291173664 0.0006808016884132122 0.9999852240886355 0.00539333973189237 -0.2938472778349185 -0.013505415003719287 -0.005383654718831768 0.9998943044279459 1.960008494796827
0.9999302920220582 -0.0025098687725884864 0.011537402455753585 0.2557480626968086 0.002447800924310077 0.9999824742441096 0.005390684118297493 -0.4041330801291579 -0.011550730163786195 -0.005362067080212824 0.9999189111469544 2.933287619299974
0.9992473766140454 -0.00555997752030061 0.03838967282906193 -0.47539788865988863 0.005834404204725489 0.9999581973280445 -0.007040122443773267 -0.17516382706623654 -0.038348925115634945 0.007258804751554053 0.9992380445599809 3.5759373520210875
0.9995433498509181 -0.009396134526195084 0.028719408503151654 -0.3234151397928937 0.00968149039670251 0.999904980981583 -0.00981314179651258 -0.166564392714405 -0.028624474012701816 0.010086707301470522 0.9995393428091316 4.564283087973674
0.9998650593616887 -0.011731770487150928 0.011499070783496573 -0.045706559743735886 0.011873753360907615 0.9998531382158192 -0.012357830760358143 -0.14803320918815507 -0.011352402775245707 0.012492700317150125 0.9998575175443821 5.524769704124153
0.999949555251209 -0.009800299382205441 -0.0022002465608128444 -0.18374095199030374 0.009769812995048187 0.9998616319399707 -0.013463570417229053 -0.11985572056469145 0.0023318891378064266 0.013441395253359462 0.9999069412633816 6.514796236946378
0.9996618554507474 -0.005743840890695634 -0.025361053775244304 -0.16542206874573584 0.005412380811345071 0.999899293842261 -0.013119005591119767 -0.14493130517937647 0.02543385324172149 0.012977305790078952 0.9995922712004675 7.514313937426416
0.9990166505413959 -0.001963413605215782 -0.04429308013747098 -0.2842683053671089 0.0013319558289717492 0.9998971289845597 -0.014281363453913832 -0.18641154248131625 0.04431656388664625 0.014208323456621121 0.9989164958643102 8.50635978412621
0.9979912901948521 -0.0015205228402241351 -0.06333303013046186 -0.497838389739808 0.00038808525238089313 0.9998399011401504 -0.017889144135188818 -0.10235650521630824 0.06335009143679635 0.01782863142097651 0.9978321030196432 9.479664756769122
0.9966717439331023 -0.0030149254531581546 -0.08146376537982615 -0.5985422014081254 0.001616826984902976 0.9998503705000513 -0.017222731531588042 -0.1311670226584287 0.08150350124901551 0.01703369705672154 0.9965274870512759 10.474163975672882
0.9951584812432339 -0.005709221210329925 -0.09811728697243156 -0.8270097467125632 0.004273763415322986 0.9998808370279177 -0.014833970831109483 -0.21033035269352915 0.09819028544580535 0.014342821811619754 0.9950642950616562 11.44449162544914
0.9934738190824659 -0.003711191205504906 -0.1139999906032229 -1.0863915646198972 0.0020818149131751136 0.9998940249169082 -0.01440850381304759 -0.2617164934566619 0.11404138215738142 0.01407714442987305 0.9933762616251377 12.40889845717347
0.9917329340464276 -0.004133322078598547 -0.12825249773886477 -1.272450791686937 0.002498484535084406 0.9999136018110785 -0.012905289156847763 -0.2824803243053728 0.12829475867193788 0.012478163398051662 0.9916575771583255 13.39121756385505
0.9901088100089313 -0.003490743894398085 -0.14025818710421617 -1.5881187872441551 0.00194133981394764 0.9999355938183223 -0.011182102437529812 -0.34278774962334163 0.1402881874657457 0.010799209334962798 0.9900518176011368 14.338168846145964
0.989129211657388 -0.004589815331645624 -0.14697733240624175 -1.8317008346320742 0.0028225081258429173 0.9999212192048486 -0.012230651322229894 -0.36010416502699666 0.14702188984608 0.011682849785382046 0.9890642420626572 15.30789454341704
0.9877255960744663 -0.0065639037627565604 -0.1560610842802688 -1.9601056525456275 0.004453923553222444 0.9998939417637739 -0.013866066099716185 -0.42497808883448274 0.15613554824037285 0.013000784264532526 0.9876500747654426 16.297492227704147
0.9869283593218041 -0.004644938698231782 -0.16109263828884568 -2.1413557911433228 0.0022159016003818646 0.9998811819789253 -0.015254891167139338 -0.4710103021515728 0.16114435561467386 0.014698519276223228 0.9868213871743037 17.2798513385162
0.9861779626844909 -0.00346294396463717 -0.165653354733806 -2.411480833996901 0.0008570330127545335 0.9998748048773255 -0.015800002086742534 -0.5234002874037142 0.1656873302636065 0.015439643474633715 0.9860574658707747 18.24125018949774
0.9848112385462794 -0.006087119858439319 -0.17352167416426972 -2.6059132248143304 0.002901034527150211 0.9998226284063824 -0.018609022683145276 -0.554680799046799 0.17360417169991688 0.017822982308764355 0.9846542199523682 19.22166723085941
0.9835933682404983 -0.007882450278555064 -0.18022750325884515 -2.8438017962965048 0.004390054472340659 0.9997949482931807 -0.0197683785162628 -0.6095414689954974 0.18034637056242847 0.018652837452743428 0.9834262851276248 20.19140912149369
0.9822163059938631 -0.01651735689172452 -0.1870248784549264 -3.169695978346067 0.012994301850088031 0.9997145772623656 -0.020047746221326337 -0.6436630996483373 0.1873026330813248 0.017260965512894057 0.9821505906480762 21.136199413795552
0.9800281943666692 -0.015561824231982534 -0.19824875251304183 -3.294169567037337 0.011009819128365466 0.999650303403508 -0.024042769974170354 -0.6586936786339596 0.1985535749594177 0.02137990953776649 0.9798568147127374 22.12830848411679
0.9788513823540631 -0.01146691798500263 -0.20425102461300662 -3.6104553817713905 0.006202147139591361 0.9996322844678026 -0.026397523000023522 -0.7383297735110599 0.20447861657003813 0.024572456971233843 0.9785625630096423 23.073623974199727
0.9769879724114904 -0.013310239486354595 -0.21287869618188393 -3.97903608769621 0.006992584824204326 0.9995132709710942 -0.030402712216772477 -0.7204325419176717 0.2131797493214574 0.02821451182415647 0.9766055169830681 24.003047425765942
0.9753967934777461 -0.01642341894546152 -0.21984395962470998 -4.368665965216234 0.009781620248756657 0.9994632343522676 -0.03126600523586065 -0.8041678333950283 0.220239449642062 0.02834633112488463 0.975033881633413 24.920204424051914
0.9727987589794781 -0.016834049688870735 -0.23103936742264988 -4.46729720104686 0.00926266805222094 0.999385128158163 -0.03381669109836332 -0.8791436662593332 0.23146657967952963 0.030756794165848676 0.9723565406290532 25.91249999685511
0.9718113271657521 -0.015414318106609242 -0.23525548492999465 -4.798556919158463 0.007565197958518715 0.9993853335276199 -0.034230438351439005 -0.9889555839895591 0.2356385201366431 0.03148577340945403 0.9713305996933387 26.849627705271114
0.9702306427388139 -0.013226891286319402 -0.24182131675583915 -5.196184809064725 0.004429974554569106 0.9993096849341909 -0.03688534834006789 -1.0887560035543777 0.24214226235020234 0.034716032947646434 0.9696194727006585 27.761730735319464
0.9684050655988532 -0.011792555645438199 -0.24910352176119463 -5.416872623982964 0.0017410757194415976 0.9991767049681587 -0.04053246728620081 -1.1984464620853836 0.24937641744523534 0.03881813854780905 0.9676283142518424 28.730887529472955
0.9672563901277806 -0.011830448108445605 -0.25352537595776825 -5.802345475375424 -0.00022852647335008808 0.9988720197249507 -0.047483007342034825 -1.2802035891993948 0.25380114958885736 0.04598617953413813 0.9661626404282189 29.649977543021915
0.9572725226360952 -0.01154424484825043 -0.28895682690812274 -5.306897367850393 -0.005887039807969503 0.9982179028100986 -0.05938317330441777 -1.2532982019928705 0.28912741165138034 0.0585469804540477 0.9554986085345627 30.518198294265016
0.9561054922322234 -0.012148694578826865 -0.29277072419114736 -5.634294020142442 -0.008188626856638521 0.9976422000103743 -0.0681394683620121 -1.3320694987123667 0.2929082349705816 0.06754591015365137 0.9537517055858575 31.459796146259745
0.9554867734910599 -0.010296921957454335 -0.29485419970189813 -6.096114398406882 -0.012442353384555368 0.9970953216506474 -0.07514058413826931 -1.443261711299438 0.29477145982251896 0.07546451444611839 0.9525832738052413 32.33977241303043
0.9540590000859149 -0.008845496581678533 -0.29948819934229204 -6.442786623534042 -0.016957833210186006 0.9963677096337914 -0.08344950024968768 -1.4920414631145424 0.2991385235102307 0.08469441769875058 0.9504435803154164 33.276489501664045
0.9524073325017293 -0.005002640838853487 -0.3047872152528359 -6.761109155666506 -0.02355187276713622 0.9956688540703295 -0.08993799154657568 -1.6175823459413359 0.30391706481555464 0.09283591233412056 0.9481644957996412 34.21612254294976
0.9518380656269059 -0.002779181362123838 -0.30658860542196825 -7.19112743070532 -0.027563807324070162 0.9951341141749385 -0.0945956200416064 -1.7540060768031984 0.3053596786568797 0.09849046124478529 0.9471299254560355 35.10857581835995
0.9506707503695861 -0.0009705713222839658 -0.31020022950190923 -7.581873678526968 -0.031459157349475186 0.994537663791116 -0.09952465382890859 -1.8759416555797888 0.30860240733116473 0.10437381516554406 0.9454473337511706 36.020962295923994
0.9492075019737671 0.004004720964568027 -0.3146253015997246 -7.950437376506537 -0.03790151009582818 0.9940935161869883 -0.10169344426972672 -2.023840320034857 0.31235971848043714 0.10845295424735897 0.943752808200241 36.93872413081583
0.9474548565190586 0.004903438362954609 -0.3198519206612201 -8.339760915557891 -0.039773421485932235 0.9939294633320114 -0.10257824751786464 -2.127540816634582 0.3174072617344371 0.1099098640375568 0.9418983235920376 37.85396911930006
0.9452651494694202 0.0040986707381075165 -0.32627748634672366 -8.699943266286988 -0.039436633567275524 0.9940263952754876 -0.1017657969481622 -2.22336349812706 0.32391132911869075 0.10906294693338488 0.939780146882646 38.78191668674924
0.9434574600727431 0.005116320212869741 -0.33145413604384066 -9.088270257306533 -0.040571494357705164 0.9941460465408785 -0.1001378649298932 -2.352545632399908 0.3290014815751939 0.10792340531420329 0.9381420807674669 39.69433880629173
0.9404565161879377 -0.0022083652184210303 -0.3399068464781347 -9.413787943802694 -0.033247993360128736 0.9945861767682228 -0.09845256684864774 -2.4035253179623375 0.3382840701203257 0.1038915786030047 0.9352916271400065 40.63849944275046
0.9380905994469259 -0.00012401909677409078 -0.34638997076787864 -9.836772002274962 -0.03506026401113574 0.9948303988707154 -0.09530611402316139 -2.530905877325023 0.3446110925620039 0.10155029346087391 0.9332366970823806 41.53563860663462
0.9344815458276224 -0.0019818981255838005 -0.3560060569533024 -10.21297099811104 -0.03240820863696553 0.9953590332116439 -0.09060961878805918 -2.595540097562479 0.354533423700166 0.09621053520168121 0.9300804182411558 42.45992034566565
0.9318271171764005 -0.0010505485163005495 -0.3629009782882027 -10.653702025343707 -0.03192204460330723 0.9958822755018318 -0.08484972840045349 -2.6755007909258883 0.3614957907957773 0.09064981902409298 0.927956574171353 43.35399106387047
0.9284545283924841 0.0010802064446316748 -0.37144450710910887 -11.078488014109693 -0.033850467873466725 0.9960807087916191 -0.08171516014745478 -2.7226023825138363 0.3699004386753815 0.08844238083189225 0.9248522102155273 44.25805870725673
0.9238138958132052 -0.0030396078273728982 -0.38282978813917623 -11.408895707574928 -0.02971599372285016 0.996382315482121 -0.07961935136348325 -2.7772077806830375 0.38168684234525924 0.08492963074648185 0.9203815036178045 45.200316106585475
0.9198274682225805 0.0022145603767722787 -0.39231686737327154 -11.703365952335517 -0.0361206880533702 0.9962148289292903 -0.07906522950025281 -2.941699083405642 0.39065678619190924 0.08689712506011844 0.9164257553443672 46.14171394293271
0.9154382665458206 0.005624458791216353 -0.4024191168506928 -12.069563955850429 -0.04088145273042349 0.9960298429631815 -0.07907754895911437 -3.045748671861408 0.40037668134674914 0.08884209244517254 0.9120337689163303 47.06641535710048
0.9109356620818835 0.005457497466719835 -0.4125123455956727 -12.523948423237515 -0.04170062649507612 0.9960092635440251 -0.07890883780919374 -3.0907342141756047 0.41043547275712117 0.08908289766212099 0.9075279389896255 47.956084428598444
0.907615647037349 0.00044086754503805116 -0.41980190910569304 -12.96701570484279 -0.03548622150016287 0.9965008865346922 -0.0756750369620317 -3.1553500297833317 0.41829961192501547 0.08358103116958364 0.904455441628834 48.85024111528387
0.9040675236210203 0.003430722768113765 -0.42737588008104377 -13.392491739103281 -0.03778093670053116 0.9966945501379174 -0.07192061281298541 -3.2587399829198174 0.42571647085330067 0.08116775139581589 0.901208789669495 49.74928542000995
0.8993309303995793 0.011498917255222122 -0.4371174356263852 -13.688293057800063 -0.04507260421378939 0.9967670980399063 -0.06651174794335758 -3.3979636201385235 0.4349394647258593 0.0795180933313361 0.8969417678182519 50.69433481485491
0.8952899034417119 0.020329814576806503 -0.4450198730782769 -14.104138353222892 -0.0544709341476183 0.9964581291895105 -0.06406336008372049 -3.5431587404665645 0.4421412739480666 0.08159592766433335 0.8932262862568345 51.59210486743387
0.892479547092995 0.019201709143393652 -0.450678990398552 -14.581879032573884 -0.05189756585067008 0.9968301546623419 -0.06030162033160147 -3.630192340040176 0.4480925135275766 0.0772071053842431 0.890647046926404 52.46628390849955
0.8898228467354808 0.017279493233870707 -0.45597885975245406 -15.086506659985933 -0.050108480108701406 0.9969395806722363 -0.06000510570152491 -3.6676751947975936 0.453546515419052 0.0762423215978892 0.8879654648400462 53.328806947758046
0.887716508182936 0.028213711504156618 -0.4595251762228702 -15.605494540406358 -0.06286825763453657 0.996199397689455 -0.060285505929305955 -3.7900478787140166 0.4560778259041958 0.08240598598594022 0.886116397654499 54.17478360595128
0.8855633455828159 0.030291368886292136 -0.46352992776213364 -16.141656189141447 -0.0653951727869217 0.9960633399169156 -0.059843915728458257 -3.8673247412476113 0.4598924138712701 0.08330819794318363 0.8840580930114914 55.01535422936293
0.8822050572708857 0.029081117383719587 -0.4699665153363494 -16.460859311577163 -0.06506605096932928 0.9960449331097027 -0.06050537362690949 -3.947651118279376 0.4663482024592076 0.08395701184647669 0.8806080707243579 55.959630163494595
0.8792687878133235 0.02519706834749738 -0.475659023381228 -16.867027412206692 -0.06200262410815332 0.9961581103791382 -0.06184410828490679 -3.981455444473286 0.47227330369288895 0.08386970175542324 0.877453018540856 56.87280306145071
0.8769865631253366 0.02437349213603653 -0.47989634399389636 -17.302779441151866 -0.06234502735574971 0.9960424649156607 -0.06334434188412501 -4.026947170976307 0.47645321455692274 0.0854712873766185 0.8750354240672531 57.771719449158674
0.8756296484364945 0.02248107141804877 -0.48245965655884737 -17.745311048503307 -0.060180058070768434 0.996209933516476 -0.0628023007037542 -4.079199674337181 0.4792192393775357 0.08402600663474544 0.8736638660374096 58.66694872280173
0.8714231054796869 0.028473800167740575 -0.48970502748098255 -17.952159720716445 -0.06640792007912794 0.9959711599349167 -0.06026140330798392 -4.238628988812536 0.48601621309057863 0.08503347153851122 0.8698031670045825 59.63224449120102
0.8703913242780028 0.023363234477194586 -0.4918059595982465 -18.408819575812664 -0.06093872583313845 0.9963051323135614 -0.06051904674956963 -4.260357889388883 0.4885748809705861 0.08264528177946107 0.8685990692397558 60.521620469976725
0.8680282701256241 0.020384439105384074 -0.49609615691424125 -18.770512657602367 -0.05825335659360193 0.9964374259569765 -0.06098362565311698 -4.333040125622345 0.4930856606192271 0.0818347774151044 0.8661233171420336 61.45108020935309
0.8652005261082808 0.014475862761959647 -0.5012170178867187 -19.149661680079937 -0.05166584874125345 0.9968365081526404 -0.0603954972484086 -4.407708384965209 0.4987571450072716 0.0781500186265714 0.8632113790334677 62.37339830513187
0.8642226231465521 0.01497581927219636 -0.5028866497321471 -19.684728419802784 -0.0515873675645779 0.9969261564383666 -0.058965940311064134 -4.471605953710328 0.5004577915763266 0.07690229805498201 0.8623387010939539 63.215788170188915
0.859382292347128 0.01951693727231674 -0.5109610207830999 -20.075837042775472 -0.056737568782014566 0.996740338815155 -0.05735455751151276 -4.5536638347572955 0.5081760756754546 0.07828017717240837 0.8576883408167266 64.13246725754418
0.8565676434105842 0.01741412868559868 -0.5157408461467476 -20.615272544771262 -0.05270560476743353 0.9971561999138384 -0.05386680053129046 -4.599847390756738 0.5133361388877089 0.07332299158858727 0.8550495584563256 64.9732266870731
0.8539166181675774 0.016524046503139996 -0.5201474455425252 -21.238864542085622 -0.05118980205938213 0.997315695224597 -0.052354638990117976 -4.62864008399884 0.5178861007812177 0.07133274105084102 0.8524703083813526 65.75444624756896
0.8501951762234432 0.015706604809063662 -0.5262332799165823 -21.858584284305724 -0.05225913808514249 0.9971360196459785 -0.05466937727062665 -4.703980609904061 0.5238674878373254 0.07398013848278441 0.8485810475712241 66.53564484348358
0.8447630486712631 0.017323608976167765 -0.5348600603631539 -22.40933626257412 -0.05727632994553261 0.9966615742110829 -0.05818185730142763 -4.805447105639368 0.5320665499987817 0.07978470444335782 0.842935102667624 67.36412345435815
0.8382125425393141 0.01543126735686431 -0.5451253154253084 -22.91653992410714 -0.05515979015601005 0.9968721793563216 -0.056597310672065686 -4.85758313691121 0.5425468929776722 0.07750957368690829 0.8364419495142182 68.2243712558495
0.83377565995069 0.019318945071156328 -0.5517652827381675 -23.55858139496917 -0.05673579347448194 0.9970948405250329 -0.050822521948122756 -4.910210476213101 0.5491804790891734 0.07367942290547584 0.8324494843698933 68.98923275497945
0.8290311099990838 0.026667117811914314 -0.5585662749229435 -24.162086554064928 -0.06302172257176754 0.9969542067100498 -0.04594096436961455 -4.995399256521009 0.5556398844015573 0.07328829750190893 0.8281866603076233 69.78202805936417
0.8249373402910901 0.02388806943930565 -0.5647191733347879 -24.753405045874242 -0.06134939052229481 0.996988060963291 -0.04744532199476894 -5.025511793314533 0.5618848964654659 0.07378459483596227 0.8239181978138876 70.58790377954205
0.8227622209731226 0.020608103370277613 -0.5680120014707926 -25.416755928876416 -0.059922355882254245 0.9969183151025731 -0.05062790019894401 -5.088764553066807 0.5652182224635872 0.0756913409084128 0.8214616131667921 71.33353418021248
0.8202652597850346 0.018449612665695527 -0.5716856788325876 -26.03008601657825 -0.06217898612371001 0.9964326940183694 -0.057058390933403945 -5.137096378055428 0.5685935958788308 0.0823498517531599 0.8184863008272114 72.12188070187217
0.8175277164325874 0.017495887972417225 -0.5756234244439471 -26.667497384318974 -0.06191720576244623 0.9964148237104851 -0.05765204871087522 -5.195365734197819 0.5725510392053199 0.08277314174324266 0.8156800319432003 72.89019797384361
0.8141260217397299 0.020885350315250194 -0.5803125217229514 -27.23289879238771 -0.06430157689675416 0.9964495389635315 -0.054347249313496965 -5.274523137045517 0.5771170833850212 0.08156052011581302 0.812578459980083 73.71120671516631
0.8098277296948251 0.025737949324012174 -0.5861028972645675 -27.736160556915358 -0.06775451208463099 0.9964553989076641 -0.04985944323725208 -5.353958627570635 0.5827421164713434 0.08008867555622179 0.8087010756380559 74.5716819322467
0.8068012535967591 0.028837302327321745 -0.590118756852534 -28.319737430494897 -0.0700877421560671 0.9964268264414604 -0.047130541554846556 -5.3980886577323846 0.5866510424384869 0.07938507128088369 0.8059395541004081 75.38253985633763
0.8048680025255676 0.028127961588085813 -0.5927869063056311 -28.973940907126977 -0.06913066918443429 0.9965196505797875 -0.046578284494383206 -5.466441328310883 0.5894136485428675 0.07846912631874159 0.8040112854470122 76.13576341119189
0.8020591439690361 0.02643963494376452 -0.5966590946928542 -29.6726470879033 -0.06791700208857493 0.9965768643592573 -0.04713633684494757 -5.51016013958517 0.5933703821416747 0.07832942696011752 0.8011092874690324 76.84983507320189
0.7983652431490922 0.02041777961979997 -0.6018272616016054 -30.31760513488433 -0.06291411894130908 0.9967835344085191 -0.049642715174419545 -5.5323607193177775 0.5988779109044927 0.07749645028933339 0.7970818954305897 77.61373051885786
0.7898918578381443 0.022265522105435243 -0.6128418225336582 -30.76364870945747 -0.06575764303247202 0.9966540602174224 -0.048544995982382814 -5.668260130931597 0.6097104110180658 0.07864433086680868 0.7887130555016139 78.49836404722146
0.7850807610397684 0.019793518497547815 -0.6190770673112544 -31.432517599416414 -0.06248596121225478 0.9969211869040793 -0.04736720123811378 -5.710160757445843 0.616233481155153 0.07587070401175064 0.783900461140419 79.24056263624114
0.7813540260897743 0.020838245952008377 -0.6237400527615189 -32.11768994933785 -0.06243724429219848 0.9970381782345873 -0.04490502942701458 -5.789882444293149 0.6209569038496122 0.07403133558357823 0.7803408773819386 79.96456768011124
0.7760794115828844 0.01786648049465234 -0.630382055417107 -32.763237630104385 -0.060874966336496264 0.997052988191557 -0.046685942336067585 -5.8364759323945465 0.6276901985778446 0.07460648506001628 0.7748799177913273 80.72686502283486
0.7711578528097756 0.01786783212327283 -0.6363932012718467 -33.412964619182695 -0.061710976549082974 0.9969968711127827 -0.04678669003755284 -5.9120288853287875 0.6336460537422876 0.07535236934911929 0.7699446077545439 81.48326874504023
0.7665500346542512 0.01675510055836397 -0.6419659733793086 -34.07252158966395 -0.06166449725854889 0.9969607149239794 -0.047611161255625305 -5.969095452676464 0.6392171259825682 0.0760828463159601 0.7652534654263552 82.23275390805598
0.7633425116884957 0.014781903379696225 -0.6458248254608753 -34.74842773339137 -0.05973508853743755 0.9970699377134306 -0.047783454307441874 -6.0229307280769255 0.6432261880913436 0.07505354515677715 0.7619888688904037 82.96777271597459
0.7588589855898464 0.01676355775578985 -0.6510391870854743 -35.318738758679295 -0.06315805354551343 0.996850973755716 -0.047949936335873106 -6.1573159783923295 0.6481852360721341 0.07750560788511188 0.7575280724068705 83.77813432595664
0.752459351456221 0.013611892936869196 -0.6584980188100465 -36.002002678647685 -0.05893738937128994 0.997167116882665 -0.04673462465882844 -6.202378676878026 0.6559964241824625 0.07397605949616477 0.7511299714971044 84.50691396952156
0.7452675717915069 0.004076110225112423 -0.6667530515576375 -36.732496974026986 -0.04664752149696217 0.9978498361774445 -0.04604034294863557 -6.169914157939688 0.6651317577549417 0.06541475189948001 0.7438552648598712 85.18906068352699
0.7388030359532756 0.005141112827524903 -0.6739018051801876 -37.40371119286126 -0.04864975949219825 0.9977688057607572 -0.04572320146373951 -6.24621454389506 0.6721631312170959 0.06656560079829053 0.7374047367781074 85.92638674677022
0.7313156702646836 0.00703266334271748 -0.6820028827443637 -38.068488234034454 -0.05263139365509358 0.9975470269290434 -0.046150465511619145 -6.351665389896953 0.6800053873516264 0.06964532081428683 0.7298919114919946 86.6659485120113
0.721621615184381 -0.0019382468624405999 -0.6922849757851045 -38.71000471816288 -0.0442934765440613 0.9978179190853063 -0.04896415309081236 -6.318286924791981 0.6908692585680168 0.06599729957627354 0.7199611267383235 87.43233123536741
0.7085661140295471 0.0016127648680057472 -0.7056425873192069 -39.153348584344954 -0.05027575663854433 0.9975714086147038 -0.04820407668328779 -6.428492536943857 0.7038511279691776 0.06963249028971492 0.7069263794431261 88.32188221162957
0.7026689393624301 -0.0008080122652272141 -0.7115164852422281 -39.89061787548388 -0.046469146384320356 0.9978122667480368 -0.047024448550176595 -6.4695354145195205 0.7099978732993394 0.06610618309443643 0.701094139518437 88.99623336239881
0.6973472532698483 -0.0005728187073776739 -0.7167332001768324 -40.59543234644141 -0.04725629554988576 0.9977869959249708 -0.04677556299944666 -6.531662612583789 0.7151738606016682 0.06648896631578945 0.6957769516665243 89.70289931798854
0.6925071115525389 -0.004196622722872661 -0.721398841700538 -41.374696255312244 -0.04274653914347648 0.9979873396024301 -0.04684018984280613 -6.573235720185656 0.7201434814260343 0.06327446839742884 0.6909339388165928 90.32821478801601
0.6871990547287582 -0.004931519383879138 -0.7264524342972937 -42.07681290407472 -0.04476971425278538 0.9977888031744763 -0.049124097399970326 -6.655047834203681 0.7250883614192266 0.06628110119939742 0.6854587396467956 91.03556123038386
0.6834369130750328 -0.007865417590174891 -0.7299672054637786 -42.82862789541792 -0.04312318308416732 0.9977607912001042 -0.051125283612154376 -6.706899609434683 0.7287347781786959 0.06641941545863302 0.681567373282332 91.69289342356858
0.6792236311882499 -0.006429844979471458 -0.733903206103492 -43.56219509679933 -0.04596711700145827 0.9976257363421479 -0.05128269047497934 -6.7883073642214535 0.7324904661427457 0.06856782978422848 0.6773154137686975 92.36761702514038
0.6760735833384662 -0.002586570653792229 -0.7368295729435234 -44.34486062583949 -0.049325051459428226 0.9975918581488664 -0.04875985904007304 -6.881900016430455 0.7351813036322431 0.06930940922657386 0.6743179195173863 92.9829828391931
0.671658040614689 -0.0046649253574768575 -0.7408466203938855 -45.14100128817622 -0.04647719446589511 0.9977451844535237 -0.048419183123789046 -6.911693632998642 0.7394020197918107 0.06695360611054049 0.6699267629797918 93.58736052424263
0.6642752223775615 -0.006480720249513739 -0.747459985016111 -45.834924503336076 -0.04623692846282038 0.9976912982100938 -0.04974153116032151 -6.968671274912599 0.7460566837590551 0.06760232052893843 0.6624419603841085 94.30515166363078
0.6599156616579537 -0.010260052858787025 -0.7512696259092844 -46.62187302776989 -0.041156400274386655 0.9979118590938869 -0.049780239013367984 -7.011770892223786 0.7502116169555052 0.06377031280391439 0.6581153979279739 94.92066319307526
0.654647946829859 -0.012573725612089852 -0.7558293240776506 -47.407538937189095 -0.03777560148504098 0.9980682970584792 -0.0493221891162785 -7.0493795245160165 0.7549894500215798 0.0608405771751965 0.6529083814174081 95.53817001048992
0.6472699278442873 -0.012693085479303982 -0.7621551850440054 -48.081327138933425 -0.037346977388138594 0.9981324562398254 -0.04834049110853684 -7.127372424052834 0.7613454168696459 0.0597535386538767 0.6455870745530174 96.27296696667032
0.6438834346879891 -0.016744033531714164 -0.7649403636071785 -48.88125879247856 -0.032423070743033126 0.9982653375033554 -0.04914326426781036 -7.168479832441832 0.7644363067110197 0.05644424931197992 0.6422236212579083 96.87164846014753
0.6387918903707176 -0.022535040216930785 -0.769049473544467 -49.662558498637196 -0.027227504114974578 0.998282712812491 -0.05186798935175839 -7.230714119428779 0.7688976419630038 0.0540721486732945 0.6370813283416674 97.49269408059715
0.6355761019403723 -0.025371227640444895 -0.7716212279676428 -50.47651390090508 -0.024622772450786378 0.9982852897459789 -0.0531055491791237 -7.310741930617071 0.771645474113022 0.05275207185312046 0.6338615631161822 98.06808277752761
0.6236166671553827 -0.026853102919374768 -0.7812689442884623 -51.15102767854863 -0.021207072763267637 0.9984608727095866 -0.05124593381739563 -7.430244556313478 0.7814425842701548 0.048526245801682986 0.6220873660166821 98.79660888290799
0.5776803999399038 -0.031302768300035116 -0.8156626093073173 -51.260323611332375 -0.020308147746064514 0.9984039350484546 -0.05269878191076648 -7.4676183708611 0.8160103765641641 0.047007650191317515 0.5761226832568724 99.78991527927474
0.5670824355789866 -0.031344907719329886 -0.8230644008933111 -52.04184659932857 -0.017169868958472383 0.9986086179043266 -0.04986004259076623 -7.554129441166265 0.823482062256213 0.04240666229817215 0.5657552192733001 100.40776449546598
0.5588855438020529 -0.028500660998707055 -0.8287548861103109 -52.906050704638574 -0.01853030185131387 0.9987304069471067 -0.046842311562943224 -7.632307494316133 0.8290377415066066 0.041536568971182686 0.5576478607470164 100.90479513473386
0.5502609601966266 -0.028171242169021553 -0.8345173795662585 -53.78208976150085 -0.01966433962416191 0.9987163035015618 -0.04668039060800169 -7.688737587516369 0.8347611571165875 0.04209662973237529 0.5490006232551542 101.38372228517876
0.5396706937773851 -0.02822474437619711 -0.8414029391930649 -54.62987516391353 -0.02388622478178836 0.9985221426697546 -0.048815764501524535 -7.7614794690589015 0.841537278166275 0.04644237723344007 0.5381989548980947 101.90904935484643
0.5279490431134057 -0.0308640597441393 -0.8487150391572802 -55.456571658896344 -0.02396085252931917 0.9984003005788501 -0.05121247260308754 -7.813662535931319 0.8489379750144885 0.047373511798940955 0.5263649541507607 102.4692723753614
0.5179496710661835 -0.03227493601883229 -0.8548020044123708 -56.314232688496226 -0.023235587112054062 0.9983884048098736 -0.05177548293107777 -7.876281082312183 0.8550954600124965 0.04667892079053335 0.5163650187801697 102.97966092926401
0.5081540222689657 -0.03797532240530752 -0.8604285935160908 -57.229272725021964 -0.012702756568846608 0.9985883293187072 -0.05157507657791625 -7.8679657578021205 0.8611725318584059 0.03713789758021455 0.5069542848580149 103.38293823699811
0.4977067756800085 -0.03643188718352189 -0.8665798768944789 -58.09496780666679 -0.013053959921530951 0.9986896423034834 -0.049483254602942894 -7.958102482172829 0.8672471156323148 0.03594045008037598 0.4965790213807337 103.87532771346535
0.4875424340138876 -0.036685342986242826 -0.8723282413436981 -58.96833704808103 -0.01694288294835054 0.9985312173369676 -0.05146209013384893 -8.004779991886716 0.8729348851736912 0.03986970796893219 0.4862047846671847 104.36014456366594
0.4779863441710377 -0.04131500407774983 -0.8773950793251892 -59.89826311761936 -0.012484845524417414 0.998472719167245 -0.05381781964174303 -8.020990874340725 0.8782785340757403 0.036678324891079445 0.4767405133455206 104.72753361151993
0.46758486089114604 -0.039788040348543025 -0.8830522689572933 -60.77603151287635 -0.01620259564866117 0.9984328398411486 -0.0535662227618998 -8.122280514380238 0.8837996796557733 0.03935449366914223 0.4662074109968604 105.19578894048973
0.45942047648562223 -0.03949458335194025 -0.8873404102550351 -61.69613679732948 -0.019487655020717167 0.9983222748884645 -0.054524001717653724 -8.220996916078397 0.888005099696793 0.042341626650026505 0.45788003839992425 105.57481577009048
0.4532472326269975 -0.0375983347231051 -0.8905915513533743 -62.62287949474718 -0.024078154135316707 0.9982290608546884 -0.05439654914234079 -8.315146908316299 0.8910595875750384 0.046098886008328836 0.4515392608615468 105.93852410343543
0.44638639884573694 -0.03483139037092114 -0.8941621537340726 -63.542521496698775 -0.028031034396940623 0.9982074754220549 -0.05287813463198048 -8.383335349933947 0.8944011650462924 0.048668370183819254 0.44460988035297166 106.32531723248016
0.43761651777753696 -0.0343906504115517 -0.8985037932766479 -64.42660172281215 -0.02473292698099018 0.9984297970153314 -0.05026154349867749 -8.429233636387229 0.898821487110321 0.044217910355276197 0.4360787895697314 106.7903930339319
0.42954732053333516 -0.03491729265679324 -0.9023690387508563 -65.32219604650885 -0.024878318557826958 0.9984153436132915 -0.050476439090732655 -8.489206811721465 0.9027015944864397 0.044131443564258924 0.42799795209857266 107.23120367990428
0.421049866193923 -0.03850021172827027 -0.9062200306078817 -66.22774874773827 -0.019362796968934996 0.9984895663989366 -0.051416610992902026 -8.569948116267819 0.9068307958332757 0.03919591164055563 0.41966842654535175 107.64768314762898
0.41163878497886364 -0.04337717925088975 -0.9103141935734897 -67.12108394215952 -0.01168257850765706 0.9985333985159791 -0.05286368704066372 -8.62582992147724 0.9112722030548995 0.0323955609359854 0.41052831762390063 108.09358611269528
0.406722558954179 -0.04700000970200106 -0.9123419091139946 -68.05670911408738 -0.010102945526436745 0.9983832181484484 -0.055936394335257475 -8.682083983309413 0.9134958623493854 0.0319679340519759 0.4055901387644909 108.44206999780666
0.401914208687771 -0.04950659684833548 -0.9143380478375441 -68.97912076371703 -0.008504426263005968 0.9982925047730635 -0.05779056711828519 -8.767971463690047 0.9156378342930201 0.03100277056026438 0.40080691689237646 108.81860696722848
0.39344542364559537 -0.04920249037110253 -0.9180303990356811 -69.85296815915004 -0.006333053666781935 0.9983980914809218 -0.05622404608794576 -8.85984713906063 0.919326161404963 0.02793502941697756 0.3925035580576125 109.29604763345847
0.386116135523034 -0.04568983711186499 -0.9213179519978114 -70.72385771213351 -0.004217162502840585 0.9986747192745385 -0.05129347543634513 -8.93882171606621 0.9224405376115986 0.023690586033392386 0.38541174178301363 109.78113979242524
0.3808220382496249 -0.04306968235121962 -0.9236447247971258 -71.63535363697 -0.0036819098042843294 0.9988360313983219 -0.04809392810569819 -9.013995672315419 0.9246410215448948 0.021716004296555146 0.380220194668566 110.18552086926775
0.3802617300973133 -0.043424141830135106 -0.9238589505599359 -72.59377954056423 -0.0008965237504067175 0.9988794103408761 -0.04731933898757391 -9.07021874313952 0.924878485460958 0.01882199520168513 0.37979668196032096 110.46526852989548
0.3732564594842087 -0.038017618614072435 -0.9269489069674882 -73.43071636916329 -0.006266931232035612 0.9990338750797881 -0.043497609313476036 -9.24074648851555 0.9277070340502106 0.022044888703957773 0.372657593315617 110.985323366419
0.37202966761341677 -0.03739875544745597 -0.9274671204449378 -74.38279087614703 -0.003599091507549323 0.9991223652584698 -0.04173183174308484 -9.301528402134418 0.9282138616481458 0.018863518529009457 0.3715685599091217 111.28508942875513
0.36900543562687294 -0.037489901763406205 -0.928670822058917 -75.31698147617999 0.0006276099459884102 0.9991959727228358 -0.04008758162091536 -9.344328660742946 0.9294270248833792 0.014209692474786137 0.36873227422643423 111.63928719931994
0.36917979061251277 -0.03707406372232628 -0.9286182186466122 -76.25685493191179 0.00016139819439046587 0.9992065350144405 -0.03982805964456003 -9.41728978374139 0.9293579806263658 0.014553837416319644 0.3688928430622354 111.97292556902818
0.3610231262126434 -0.03641136593475436 -0.9318457569632478 -77.09157033790605 4.65094413655035e-06 0.9992375368104056 -0.039042861158396204 -9.463360271480264 0.9325568627799652 0.014091041829136815 0.3607480287155493 112.52167660652637
0.35589174809507834 -0.03308137510013593 -0.9339414790335133 -77.9877364927074 0.0009408998192254729 0.9993854348220469 -0.03504093853009209 -9.5628356017894 0.9345267135536321 0.011592035499582909 0.35570415567943603 112.95410102957443
0.3570665276563098 -0.030345780998169487 -0.9335858977100444 -78.94852321308001 0.003958582167307036 0.9995123311435072 -0.030974659308652123 -9.674138345641387 0.9340705671707487 0.007364337558359226 0.35701252369859465 113.20807066785164
0.35258746359943965 -0.03393945232859779 -0.935163191153363 -79.86478557990648 0.008031757626330748 0.9994150232687455 -0.033243076484502976 -9.671561265961554 0.9357443942562198 0.004210087927508988 0.35265380159258214 113.60864105342436
0.3542952342046392 -0.030021987402774078 -0.9346515753435931 -80.81842765222096 0.007085339601524025 0.999542010598384 -0.029420520247965796 -9.817792068832345 0.9351067773161552 0.003801226291272266 0.35434568671859823 113.8716683337652
0.38423646755507185 -0.0257876442224234 -0.9228744954793417 -81.78037140925089 0.009020412276616931 0.9996669773600192 -0.024177810865193532 -9.969544439026011 0.9231906461631616 0.0009652882112643359 0.384341123294804 113.64443403518385
0.3862609154851196 -0.027228792095291648 -0.9219875802035621 -82.72193251736057 0.008413086283273873 0.9996266163663149 -0.025997073512461163 -9.995497122716591 0.9223511940404169 0.0022848923505041246 0.3863457701582377 113.98027497656014
0.38307210666391955 -0.02725507217411626 -0.9233162633338817 -83.58355525079268 0.0040858076968485965 0.9996048252265294 -0.027811860047357532 -10.013370312812466 0.9237094062915711 0.006881455123234561 0.38303208521461823 114.4875094532164
0.3916414327556487 -0.028045532903593528 -0.9196904023818278 -84.5335440023372 0.0012173710677551091 0.9995502846623608 -0.029962417109889245 -10.040149511836814 0.9201171154569303 0.010614919478594 0.3914994474168254 114.79864326114881
0.3976028819150558 -0.03507064840336876 -0.9168871238671649 -85.47577998070355 0.004740198598250686 0.9993344573236917 -0.03616867322423368 -10.008237433781977 0.9175453551787439 0.010034541649696442 0.39750450206732485 115.13206938541957
0.4051258303014219 -0.03348866766219784 -0.9136473995808155 -86.41710846184165 0.004812545720432713 0.9993931927350912 -0.03449761902565261 -10.101975099690057 0.9142482709998788 0.009578906668359071 0.4050411627486388 115.45628218681448
0.4139617664736969 -0.030563725500942877 -0.9097810256218094 -87.3458494972814 0.0035791221087309 0.9994831021120718 -0.03194868506448097 -10.187396306317046 0.9102872325716228 0.00996931672290424 0.41385718181659475 115.8170359900497
0.4824185829917944 -0.026832272799629044 -0.8755297481642685 -88.26882549008894 0.007143928035218303 0.9996179942257308 -0.02669887473926729 -10.267771651271511 0.8759116822353795 0.006625311805621535 0.4824259841333847 115.44066500202807
0.4881067869391105 -0.023647341887389896 -0.87246350511963 -89.11413286173327 0.0033944263518854542 0.9996767598288117 -0.025196303853899524 -10.334054164779726 0.8727773154784187 0.009336973804039111 0.4880292803782028 115.97081788172108
0.5000305476968449 -0.02408285237933302 -0.8656728409689544 -90.01043902401635 0.0026159313223070137 0.9996506967839125 -0.026299074560585577 -10.355059294775282 0.8660038153918874 0.010885799956895731 0.49991888450626804 116.41375585476837
0.5126924814201609 -0.025313514273079603 -0.8581990710146313 -90.9138944286619 0.0008119083915738445 0.9995791214369333 -0.02899863431474478 -10.384922422301385 0.8585719307664311 0.014170602757231938 0.5124972523999504 116.8413965046499
0.5225752247822945 -0.027445382638767536 -0.8521513277672795 -91.78852379958334 -0.0009563556210472469 0.9994622542554336 -0.03277632838743449 -10.419826432727465 0.8525926458911408 0.01794305688690218 0.5222679646329997 117.32493055058436
0.5285138770578867 -0.024897215733352438 -0.8485594913769804 -92.60102128212323 -0.003952592132059435 0.9994868397159261 -0.03178732845169082 -10.51224611003999 0.8489154603213884 0.020154053770523827 0.5281442561875869 117.90052280566759
0.5448547295125659 -0.022109520021786438 -0.8382389234891128 -93.50806805245172 -0.005303856462035896 0.9995414647522911 -0.02981156398885548 -10.585964342355226 0.8385136807675919 0.020688870564579322 0.5444876286935697 118.31504877428833
0.5581409370828748 -0.020994436046779502 -0.8294805169546297 -94.3800136459379 -0.0062327904035437785 0.9995455614218314 -0.02949276124218908 -10.60972631666933 0.8297227528976364 0.021631095602885446 0.5577564423894953 118.80407459219239
0.5700786668980699 -0.01730475375093196 -0.8214078518283905 -95.17229946435539 -0.009356467272623917 0.999576584954207 -0.02755190250143064 -10.663462574243686 0.8215368342733588 0.023392227531637035 0.5696753756510947 119.41185382559578
0.589987834631827 -0.014996823451412252 -0.8072728474764943 -96.0524915977501 -0.010280104517155922 0.9996069220774748 -0.026082959684441288 -10.719431501980456 0.807346687884183 0.02368747815094013 0.5896017545269758 119.88315976385464
0.5995534545823148 -0.015320156836810407 -0.8001880703265326 -96.83771536979232 -0.00969731776943402 0.9996043174708861 -0.026403986851033654 -10.782016110404172 0.800275963106781 0.02359027952455681 0.5991676573259498 120.49920099186478
0.6065963405421289 -0.014779808000568273 -0.7948725916248192 -97.62080103019834 -0.010637150500573997 0.9995867923760986 -0.026703848720308808 -10.83315004405335 0.794938821966899 0.024653636298031457 0.6061884752675216 121.11900916323398
0.6136956271333097 -0.01654324688735915 -0.789369367419252 -98.3966895467632 -0.008290987363188555 0.9995903084459211 -0.027394794934771996 -10.873941579064224 0.7894991683124136 0.023356717307851656 0.613307041367216 121.7485590504822
0.6337190835919956 -0.0162962427387102 -0.7733915926384997 -99.29369628871095 -0.00804496247657453 0.999585168598839 -0.027654462496448956 -10.898155152670439 0.773521429354137 0.02374706697296079 0.633325094355272 122.18991220585043
0.6430367340108867 -0.01359701170033578 -0.7657146204594933 -100.06335938800086 -0.009379222971745224 0.9996275686798357 -0.02562721427841426 -10.9557541440583 0.7657778978849249 0.02366104832940909 0.6426697175866455 122.8257589403569
0.6517470046185672 -0.008795666057484892 -0.7583854417308674 -100.76335996240812 -0.011153412001105404 0.9997134705709977 -0.021179663821935407 -11.019944566186041 0.7583544312334795 0.022262367742044452 0.6514621582341243 123.53701050312254
0.6628798604765044 -0.008279572173344091 -0.7486799979024881 -101.57790662736254 -0.012459954283986345 0.9996783973915885 -0.022087356741168872 -11.025988586829147 0.748622094326561 0.023969782502085972 0.6625635134935483 124.11707705139618
0.6745721642192412 -0.00747873175397467 -0.7381710261395485 -102.37877116982162 -0.015253476335037522 0.9995939827201322 -0.024066598625189367 -11.047348085912374 0.7380513035827936 0.027494331798424552 0.6741841996062323 124.7155415502854
0.6793398291759605 -0.00432675955193716 -0.7338110626359821 -103.00382911390037 -0.020182015236817858 0.9994941959457614 -0.024577195358755664 -11.120462688988408 0.7335462376402407 0.031506053743710884 0.6789088936089616 125.49268813965003
0.6856762627306058 -0.0047191138310288296 -0.7278913330246705 -103.64937688821506 -0.02028846445671512 0.9994665814477226 -0.025591615407726136 -11.13439114032715 0.7276238320298289 0.0323153606484355 0.6852147667179883 126.2562810084752
0.6938605747983011 -0.002480195612713268 -0.7201050974477867 -104.38022537942828 -0.021597225163816115 0.9994725488975473 -0.024252502251288964 -11.182478447674331 0.7197854281699437 0.0323801270835729 0.6934410319300847 126.93712467170741
0.7006719933600769 5.277549943337178e-05 -0.7134835351537943 -105.03689923261497 -0.023018136785628043 0.9994811276797869 -0.022530885265444306 -11.227465393595946 0.7131121392177594 0.03220982189757453 0.7003096488508462 127.68995640937365
0.7094515881673602 2.4620110559423994e-06 -0.704754172772848 -105.77244091640779 -0.02270384866186861 0.9994810331980943 -0.022851685565700715 -11.250006836044637 0.7043883724925785 0.0322127966993478 0.7090834622426763 128.36706076970194
0.7160738050215278 0.0011131838414453977 -0.6980236862626643 -106.48610735855036 -0.023964040885972124 0.9994484439192418 -0.022989838881689085 -11.307239282910547 0.6976130951368387 0.03318988956182354 0.7157055265431947 129.06520449157108
0.7236431405759203 0.0026418552385655933 -0.6901692732209322 -107.16541857463447 -0.024897600276060944 0.9994417117830163 -0.022279457998611852 -11.35985724421153 0.6897251007451491 0.033305935643924194 0.7233049149929609 129.79716598089334
0.7283423952789071 0.004329725047806672 -0.6851996852891769 -107.73609986462989 -0.024305609566241296 0.9995139828782909 -0.01952012741693658 -11.366656323569522 0.6847821497257294 0.030871532384556387 0.7280936450108845 130.6183094749119
0.7352973913257473 0.009292031146771348 -0.6776809016540974 -108.43891594677676 -0.027687129313956494 0.9994831345564307 -0.01633666451844529 -11.433870168000931 0.6771788310187321 0.03077534556107761 0.7351746111813829 131.32649861193144
0.7418669783092972 0.009871604681965015 -0.6704744125730886 -109.08901899362021 -0.028191817917081915 0.9994667022936891 -0.01647824046105169 -11.465192741256596 0.6699541834310437 0.03112655501602275 0.741749640833129 132.0856987995562
0.7499442847594687 0.011242080402352982 -0.6614054621673674 -109.78837333113871 -0.02921627158318201 0.9994428076282422 -0.016139509129389752 -11.514484007408962 0.6608554904299284 0.03142753423969625 0.749854873198961 132.79877234532492
0.7554698004555501 0.013071050502228492 -0.6550530728409816 -110.35905018118828 -0.030751466731618063 0.999406512864003 -0.015523187135737207 -11.519215448404987 0.6544614029058551 0.03187114186478844 0.7554233928220208 133.61993344175096
0.7646119077337096 0.014972267314415366 -0.64431705065385 -110.99263916817881 -0.030797579664970976 0.9994368422309532 -0.013323193242747312 -11.540825029447921 0.6437547200903396 0.030030477899458362 0.7646424201929536 134.39330141469233
0.7744356133060896 0.020293529652395732 -0.6323271728286405 -111.657615739729 -0.035205496347758325 0.9993190477213808 -0.011045989685117477 -11.575267262470916 0.6316724260802614 0.030815799769979075 0.7746227033946346 135.139371044066
0.7844681469737251 0.021960632920230327 -0.6197801682736758 -112.31577938536999 -0.03728240101984163 0.9992352965665391 -0.011783236811648503 -11.582956353543587 0.6190474529127794 0.0323504667247159 0.7846870066114847 135.8922066791385
0.7954588921370813 0.023117542612976966 -0.6055664539450458 -113.00457528022577 -0.03939967507544796 0.999130802732447 -0.013612664513150295 -11.625621958297184 0.6047254058860022 0.034687436554695854 0.795678305109089 136.61590541576916
0.8040943458329807 0.021597238421463286 -0.5941092848054056 -113.58013034246397 -0.03947720045375065 0.9990739432459323 -0.017111591724327774 -11.628537272182319 0.5931895427633221 0.03721310548143728 0.804202307343536 137.43366324745097
0.8136482512563282 0.022021693834214023 -0.5809402449720495 -114.21617264912943 -0.03935220788210263 0.9990766048216405 -0.017243591065931575 -11.6797698256683 0.5800240744678774 0.036891499003399435 0.8137635346579274 138.20361481059956
0.8230183224620734 0.024453328053997775 -0.5674882162995035 -114.76066363238249 -0.04062236088321262 0.9990486190811555 -0.015864441631885304 -11.713209116770386 0.5665603804432356 0.0361094372581664 0.8232286704512385 139.0417146751543
0.8326158280195379 0.02586050714454994 -0.5532468862104509 -115.34760329802188 -0.04024246594053817 0.9990937754540988 -0.013862603791512353 -11.731856555781137 0.5523870263378376 0.03380624230941511 0.8329019816968604 139.85113057684976
0.8412147399126226 0.027062063685532056 -0.5400235236198626 -115.88632617194766 -0.03978651754257301 0.9991372509692631 -0.011907424045500662 -11.778006945301167 0.5392353793804409 0.03150235601737428 0.8415656879826944 140.6923486262616
0.8497222420771317 0.026599590500955752 -0.5265591829078541 -116.40091812055843 -0.03778638440616839 0.99923067498055 -0.010499872923284798 -11.79755919187509 0.5258747954341563 0.02881874325985766 0.8500736318484451 141.54956087307033
0.8554963189301086 0.028842199405836124 -0.5170050056145121 -116.83668164536431 -0.03831273333653253 0.9992364977068032 -0.007652196737250376 -11.869925112562143 0.5163895649229489 0.026354301054213113 0.8559481690234698 142.44670819874872
0.8620099405738967 0.027134960808762917 -0.5061645545212426 -117.31616786361047 -0.035671116454932615 0.9993378242807283 -0.007175263946295439 -11.86897579101111 0.5056346841373129 0.024240603617639602 0.8624070728684979 143.32425709499358
0.8672118999634786 0.027829129558245392 -0.4971610001898358 -117.7897657925507 -0.03598244212524432 0.9993291053220341 -0.006826647416291271 -11.910951982961267 0.49663747786532514 0.023809216792527257 0.8676314521588607 144.2039973981586
0.8735987157852511 0.027883907143345304 -0.4858474776107983 -118.29951440505462 -0.03655287921660423 0.9992966382312353 -0.008373520210062603 -11.91929797622525 0.48527226460960077 0.02507422066891706 0.8740034969372346 145.06428031467314
0.8807051163834203 0.029489348402403897 -0.47274610131323286 -118.86157426456323 -0.03782102729237154 0.9992514826421194 -0.00812676639605061 -11.961583786033787 0.47215258960489626 0.025037027944789715 0.8811612107674061 145.89029522048173
0.8868198851945509 0.029891336210117785 -0.4611474810113253 -119.3678116820177 -0.03792292407425259 0.9992473675671492 -0.008157833030975763 -12.007512853737882 0.4605565579309187 0.02472258946139671 0.887286002660442 146.75146546956657
0.8933161280904771 0.030060450487515534 -0.44842241760411455 -119.90419989844165 -0.03723456748097198 0.9992806986969471 -0.007188337514744243 -12.074199726381 0.44788378211086904 0.02311827260434506 0.8937928525077011 147.59279806866078
0.8981663865500599 0.02930362315774483 -0.4386780593344398 -120.3637380748377 -0.03642715114137754 0.9993056444268702 -0.007828900069637282 -12.113609303234465 0.4381440456417557 0.02301144685599478 0.8986101872237301 148.48008130961983
0.9042611318858157 0.031022341330611165 -0.4258514056557093 -120.94225772214855 -0.038165640858712296 0.9992373747505482 -0.008249409642835465 -12.155713893994074 0.4252707246195303 0.02371251230845894 0.9047555070523743 149.2946623191654
0.907549554031128 0.03243308114051134 -0.4186906999512012 -121.37933064732317 -0.03924395936645836 0.9992002703615009 -0.007663639000253224 -12.180191546089697 0.41810730516356404 0.02338621297293943 0.9080965622727821 150.19375525241935
0.911090939609858 0.03437327604935294 -0.41076973799740135 -121.81164054764017 -0.039699911852729176 0.9992017769156942 -0.004441397008208757 -12.200443544286001 0.4102891867447938 0.02035403896365996 0.9117283018192205 151.09525289892596
0.9143187436031002 0.03754011160735498 -0.4032517515356242 -122.24766157885756 -0.041020480945354716 0.9991583058242093 6.744457016265541e-06 -12.23696280612995 0.40291259007265245 0.01653541420658768 0.9150890802746809 151.99444809678374
0.9177428853879301 0.03809394407855105 -0.39534396131010974 -122.67638657488196 -0.04085507108518966 0.9991640513672394 0.0014358349517976873 -12.22682818204605 0.39506817068254607 0.014834078330826433 0.9185320302709207 152.897826293985
0.9195033874688342 0.0414791171513798 -0.39088745601985336 -123.0035856307624 -0.043373561252493434 0.9990509773761651 0.0039848196930988 -12.250185585232462 0.39068178178359786 0.01329012581025616 0.9204298549799101 153.8424930127527
0.9231350607289313 0.04260472952553758 -0.38210796468411923 -123.45254814515643 -0.043818615219830166 0.9990242037449042 0.005528950357655409 -12.252692692702631 0.3819706645976895 0.011639473952748837 0.924101149243361 154.7360400876632
0.926567383735598 0.044579869922753604 -0.3734776011958843 -123.81117733934921 -0.044808176198907326 0.9989629728630134 0.00807503525683959 -12.249322909395682 0.3734502788097623 0.009252785869232316 0.9276040508808523 155.66951410745867
0.9311412078192848 0.043957542342159754 -0.3619997038287089 -124.29170865024516 -0.04340898639120262 0.999010756351503 0.009652388018894488 -12.254605466486916 0.362065893175985 0.006726303978870896 0.9321282346509291 156.54647576787445
0.9340864795716486 0.04484922166496973 -0.3542188532496297 -124.64515874899867 -0.0437619990074237 0.9989805013677976 0.011083561241723121 -12.2764040285401 0.3543548167082115 0.005148320402928005 0.9350968712773645 157.48167513185174
0.9375839213970939 0.04656499431666723 -0.3446274679156159 -125.02427569873657 -0.045352235409031515 0.9989038832893847 0.01158476123070158 -12.33091813152443 0.3447891603299668 0.004767940190202179 0.9386680465773277 158.40541673587163
0.9414300236479671 0.04173730767867026 -0.3346154624668684 -125.3794461184185 -0.040969655782923914 0.9991165941780326 0.009355134584723592 -12.27043114822048 0.3347103193497455 0.004901875743590192 0.9423083220130144 159.3382593259337
0.9441288830219655 0.03759348618394255 -0.32742538392773646 -125.61938352229937 -0.03740933822050449 0.9992764600623705 0.006862782169247427 -12.23763940279249 0.3274464744925365 0.005769416065461577 0.9448521155083843 160.30849370156193
0.9473469515416579 0.03596658295009835 -0.3181825864430881 -125.86167108311155 -0.036358485623471964 0.9993277172214108 0.004708940028613257 -12.261075374898823 0.31813804225192405 0.0071076370137358015 0.9480177569899157 161.27841508656545
0.9506983829099114 0.038870180772948584 -0.30767140552730876 -126.12922530817295 -0.039527766537518855 0.9992100736364012 0.004096878821022166 -12.275283138100516 0.3075876141931375 0.008266667417835077 0.9514838526242964 162.2418531365285
0.9560580473110393 0.04353021844478419 -0.28992780179545335 -126.46785962789396 -0.044284812438805256 0.999011095116023 0.003960709825939426 -12.285207309826891 0.2898135013401786 0.009052729821158394 0.9570403243979475 163.1827188593193
0.9609611353507433 0.048515729961589815 -0.272396623128291 -126.75240024446545 -0.04844256411264096 0.998801456565692 0.0069977385222651815 -12.310558637800844 0.27240964433660264 0.006471036124720382 0.9621596080504914 164.1410475856398
0.9666189759043023 0.0480839071031137 -0.25166583657582253 -127.07327445645299 -0.047869233048518416 0.9988292317158297 0.006978710288659855 -12.282599056102827 0.2517067578533713 0.005301296789046027 0.9677890288194507 165.08775662323933
0.9716978885250556 0.04849832478582958 -0.23119499546683242 -127.26015202591384 -0.048498193956968305 0.9988070783175889 0.005687309168232606 -12.257634671131509 0.23119502291107472 0.00568619342187487 0.9728908102071441 166.06982258513568
0.9762384014412934 0.04857726247603535 -0.21118435813685282 -127.4019939883954 -0.048398141990170354 0.9988099816530454 0.0060200001763780885 -12.269830498595569 0.2112254800047548 0.0043439752023515564 0.9774277090793974 167.05963676945103
0.980409577433457 0.05072268286773009 -0.1903267451501277 -127.5500303224891 -0.04999661483325509 0.9987122065961123 0.008617824616490646 -12.293785288237162 0.19051876280817268 0.0010666951790935767 0.9816829748851891 168.04832853731466
0.9843636255922938 0.054379112951493114 -0.16754451553361804 -127.74569229598903 -0.05336764911357241 0.9985193362294579 0.010537039620045405 -12.276079974812763 0.1678694333071876 -0.0014308216074908038 0.9858081994539548 169.02884009461658
0.987806149435986 0.056945262439063886 -0.1449008220204024 -127.88947921073414 -0.055581148966752016 0.9983636000247585 0.013448346557134007 -12.2834105983941 0.14542952594290334 -0.005230605254757333 0.9893547865920943 170.01842161480883
0.9904856734856972 0.058731504531425956 -0.12445377051359816 -128.00615526575413 -0.05725945945172932 0.998240929646405 0.015375327052073085 -12.29815736272162 0.12513786366592547 -0.00810288554389221 0.9921062737040764 171.0114821523023
0.9929801529174421 0.06144603261061059 -0.1010682986324564 -128.169925523505 -0.06039524028960601 0.9980842305967966 0.013426972270143462 -12.300257280140057 0.10169970925427492 -0.007228672796451365 0.9947888798268679 171.9979784234676
0.9950923311186212 0.05998620180672766 -0.0786950325096913 -128.30658150072293 -0.05941585659582223 0.9981874309248732 0.009571244880794616 -12.273084180240833 0.07912653495435822 -0.004848539613732586 0.9968527890966287 172.98822423463395
0.9965881429576012 0.05709680083403252 -0.05959889806723643 -128.38094559568526 -0.056761514176600844 0.9983610407034897 0.00730499238918024 -12.25085696252307 0.05991830959472543 -0.003897145101894189 0.9981956764259009 173.9852076508315
0.9976449342981136 0.056939028989570296 -0.03824306534559787 -128.4873940263318 -0.05666288883389453 0.9983591405270474 0.008267016092547444 -12.248937629075035 0.03865102971850026 -0.006080584166140904 0.9992342690269859 174.97952402290431
0.998162126053835 0.057898357434015175 -0.01789274484592437 -128.54917381522338 -0.05772415668730886 0.9982814385675798 0.010104016338284278 -12.264003165695033 0.018447001014183527 -0.009052602822847313 0.9997888569771676 175.97750011845514
0.9982049932788661 0.059738401599719514 0.0042561446684810465 -128.58436233655908 -0.05977997193173356 0.9981571846988162 0.010420632896163537 -12.275872340696413 -0.0036257894270895555 -0.010656359998890664 0.9999366458144241 176.97681032587374
0.998005930476255 0.05929394363581338 0.02164234234842464 -128.41486190111092 -0.05954038201383556 0.998166108642265 0.010925313157363092 -12.3121519699464 -0.020954847741276594 -0.012192120654452982 0.9997060800805824 177.96167244357568
0.9972837701311755 0.059076790779723255 0.043988801121495454 -128.46795439703416 -0.059586588654745795 0.9981692902089919 0.01036853587298445 -12.311118884658184 -0.04329573056812973 -0.012961515143987239 0.9989782174000296 178.9602615080118
0.9963257880973233 0.05947219573994904 0.061627768952846065 -128.3917039421996 -0.06018152108607578 0.9981401562303635 0.009716637287347648 -12.317223535625391 -0.060935281176037956 -0.013389789179690973 0.9980519049897743 179.95733151627306
0.9950205906660687 0.06029070648462195 0.07936658529961542 -128.2718365449537 -0.06108683676964089 0.9981032201776842 0.007639387697867985 -12.323670621022773 -0.07875546028064151 -0.012449601700616049 0.9968162242326702 180.95010049351166
0.9931849923383474 0.05980303615313965 0.10003583288367972 -128.27351804741897 -0.060484210129795594 0.9981619681087245 0.003787577890177572 -12.300434636253383 -0.09962545517507322 -0.009812353854477433 0.9949766260535927 181.94982908746167
0.9908089888369365 0.06226416663283072 0.12008630726870924 -128.28603045030118 -0.06268957660922851 0.9980330462702802 -0.0002356628984844714 -12.29419732368861 -0.1198647764127232 -0.007294662841082212 0.9927634276450558 182.94973135053846
0.9885472762305991 0.06146511778488744 0.1378271451955015 -128.1605200341645 -0.061869954111996146 0.9980833075884288 -0.0013490335438924293 -12.336225326895507 -0.13764589145787218 -0.007193775713269314 0.9904553791846212 183.9409330365679
0.9859406383740481 0.060882610118967805 0.15560965711569696 -128.01818684928864 -0.06088131405779958 0.9981335729252974 -0.004778723465171905 -12.355758842865598 -0.15561016419617205 -0.004762182741417375 0.9878070653798618 184.93055908020102
0.9827314858460445 0.061639587192046146 0.17446887406528533 -127.90981998011075 -0.06078211881205548 0.9980983358249699 -0.01025895004978524 -12.395448051262163 -0.17476945030391494 -0.0005227946067906239 0.9846092452979829 185.92387745232622
0.9795515467087373 0.06285201788041833 0.19112402043926421 -127.71447203283516 -0.060599643424964655 0.9980067465572764 -0.017612979387617543 -12.407783322843466 -0.19185007312293945 0.005670773712730314 0.9814078620880408 186.90453387563167
0.9756783149877131 0.06803990428848662 0.20838041435590524 -127.46865917553595 -0.0644884939392199 0.9976346581635418 -0.023797541476918427 -12.397467127650824 -0.20950670588832676 0.009780606080812512 0.9777582932056934 187.87379628349817
0.9710872886332921 0.07021127069873725 0.22816628874945172 -127.38656570420657 -0.06526060963115698 0.9974415178562329 -0.02917998093223472 -12.439752958516497 -0.22963129291409914 0.013446037464792617 0.9731848094740749 188.86952344013952
0.966796156806867 0.07302332402072136 0.24489341627006742 -127.14766419717938 -0.06710439960281311 0.9972185086464991 -0.03243833483363967 -12.479200911498971 -0.24658100238543812 0.014927831784898 0.9690072079715356 189.83976564131694
0.9617349573712831 0.07415559747795351 0.2637552257922687 -126.94730831944885 -0.06738896647825414 0.9971258387093616 -0.03462353210068333 -12.494155138616579 -0.26556467944182205 0.015524469099520235 0.963968045057582 190.81937469259717
0.9571825944549984 0.07444219804110523 0.2797496023646724 -126.64094275575519 -0.06714639991045791 0.9971082672968589 -0.035587417260938364 -12.566849735911534 -0.28158984685433963 0.015279477708613733 0.9594132038436294 191.76850884376168
0.9532100237817412 0.07425323337580036 0.29304796176605 -126.25539684001784 -0.06476008442792083 0.9970175068111901 -0.04197883486794894 -12.598166615101484 -0.29529101243838796 0.021036835437413984 0.9551757270407824 192.69066588024518
0.9463817267348744 0.07529170106905576 0.3141540817058256 -126.28313012819945 -0.0639959018805363 0.9968833344787636 -0.04613178926706957 -12.698974343811702 -0.3166483093983004 0.02355370859572876 0.9482505317512782 193.68518519456688
0.9374945442556673 0.0772404686364743 0.3393197452192572 -126.35724651286532 -0.0631373718707164 0.9966269335371443 -0.0524254482249783 -12.566071769385612 -0.34222456335585394 0.02772481475409619 0.9392090730411108 194.67353921374976
0.9314568604281348 0.0788002046815128 0.35521633535565045 -125.98229567676948 -0.06396395441860404 0.9965257637842713 -0.053338678735909 -12.642799592144373 -0.35818532870077646 0.026961636751308554 0.9332611319706846 195.5974032252394
0.9233339990406302 0.08293902254873291 0.3749339205170456 -125.81371608370536 -0.06632681443036718 0.9961672995094248 -0.05702161937022064 -12.722399900698447 -0.378226228470665 0.027781827275100614 0.9252962175271814 196.57987190752928
0.9163689199682884 0.08288611469108294 0.39166043265506556 -125.58479526251047 -0.0643144260110295 0.9961045975805033 -0.060326489089275515 -12.839435545898274 -0.3951349859516504 0.03009190373478241 0.9181300671509467 197.54625584540082
0.9103124304124187 0.08345055003026032 0.4054223535231697 -125.1342885287955 -0.0628803621866814 0.9959784287691356 -0.06382029048679874 -12.918994520860329 -0.4091177569941124 0.032603299314557486 0.9118989449417674 198.435476882253
0.9030657735036137 0.0839441141691045 0.42121917622856164 -124.71314116372473 -0.059959942890477076 0.995750961235663 -0.0698915477494045 -12.991922956898518 -0.42529638368422273 0.037860386878649295 0.9042618963168348 199.33953237839853
0.8956006654990571 0.08732681105654866 0.4362034800736047 -124.20688922184364 -0.05971324344207774 0.9952684640765719 -0.0766486332055052 -13.08533148734039 -0.4408330483473991 0.042599442312533924 0.8965776659048548 200.1968443506597
0.8840217651304676 0.09111401623404383 0.4584798303320418 -123.89742612125666 -0.059951127321001184 0.9948188305005199 -0.08210576602470211 -13.117587322458512 -0.46358535471748924 0.04509690152620653 0.8849038865120843 201.14720857056483
0.871251972464516 0.09199613117913293 0.48213764873192133 -123.58212489598219 -0.05894969494996867 0.9947804624528717 -0.08328724384526 -13.248991372748572 -0.48728321738182606 0.04414230816468155 0.8721275839508272 202.08705861866176
0.8572324289032847 0.09704184227800582 0.5057029203829553 -123.10182215379805 -0.061602419371349304 0.9943552288018479 -0.08638761995797933 -13.344464774734888 -0.5112315568938991 0.04290174590501402 0.8583715602430794 202.95894972732358
0.8424852639487629 0.10156857821519047 0.529058034575142 -122.59294633821537 -0.0628718788123925 0.993892685033885 -0.09068879473627277 -13.429881577020499 -0.535038042464059 0.04314110053606146 0.8437257484282215 203.81554144699075
0.8266265864850272 0.10639728352277514 0.5526012165884819 -122.0702941159161 -0.06392078571591667 0.9933612591006676 -0.09564278368689999 -13.51120530596246 -0.5591087726637469 0.043738163849129215 0.82793982471768 204.66419986215942
0.8044535032551877 0.10759965428216028 0.5841890751279072 -122.01942397278752 -0.05941584126404148 0.993100733817391 -0.1010974297310711 -13.521578942968718 -0.5910366476855154 0.04661809616127681 0.8052964883836036 205.6628512608934
0.7886957266940936 0.11015551675345425 0.6048345334248363 -121.45579319673479 -0.05754086408875656 0.9927246721611989 -0.10576754815321175 -13.57849935796181 -0.6120850428285153 0.048615711567373314 0.7892961503354808 206.48691461685775
0.7692053249347025 0.11335356078649897 0.6288673455897554 -121.02802409986224 -0.05463135337615388 0.9922028420701058 -0.11202203094158485 -13.655461737199357 -0.636662063673013 0.05181206852663798 0.7694003679714538 207.3875201864291
0.7531283642131923 0.1148489257070151 0.6477710948178305 -120.41179844811154 -0.04988712715950229 0.9917787163007752 -0.11783994414688427 -13.802000020673944 -0.6559793758658304 0.05643316539689858 0.7526661652299504 208.16133701074915
0.7351895988408165 0.11778823443066132 0.6675493881249325 -119.801343018592 -0.04850451890664788 0.9914040450664643 -0.12151267864494412 -13.914240021749263 -0.6761239275472403 0.05695569554963169 0.7345832038255088 208.94539463027002
0.726252835500507 0.11751859360222963 0.6773080533148945 -118.93738278066301 -0.047122808173640666 0.9914721594909774 -0.12150060865736799 -14.158744447147626 -0.6858106589119881 0.05632350408164046 0.7255972732932967 209.38561081947518
0.7120002510749662 0.116309659130778 0.6924793900630197 -118.26047158609049 -0.04253558792270036 0.9915192239242918 -0.12280208609230922 -14.302815192348545 -0.7008896961928084 0.05798009814957975 0.7109092361119773 210.10743826079315
0.6920809483960513 0.11949285154362085 0.7118605335999328 -117.7206221210854 -0.040452068182989125 0.9910732297097531 -0.12703339534303468 -14.351590636999557 -0.7206855007886128 0.05912116188502374 0.690736633725495 210.94778551707046
0.6732888607190982 0.12011408578351816 0.7295578910737329 -117.18069060092874 -0.0347490360016463 0.9907665160155971 -0.1310504301376147 -14.434562399279825 -0.7385625325783373 0.0628833613819053 0.6712459074979766 211.7853949966046
0.6583181276020862 0.12207417293392572 0.7427752952091005 -116.44455195277283 -0.03155396093294723 0.9903702917655226 -0.1347999730626705 -14.572892924859095 -0.7520781810556126 0.06530376322045149 0.655830639791498 212.44793899996145
0.6391006598824651 0.12664812263418007 0.7586241490824165 -115.75377325822869 -0.029573458819089075 0.9896665260091658 -0.14030530221771925 -14.696976566604725 -0.7685543292905629 0.0672340712003059 0.6362419528752897 213.16027883811108
0.6229798692234675 0.13074981323846174 0.7712331481986519 -114.98619166917952 -0.027871170171569332 0.9890158881035711 -0.14515774506361306 -14.81019058546341 -0.7817411850577994 0.06893518272111139 0.6197811389253722 213.79115211388572
0.6103978461200704 0.13041810168447865 0.7812845756860819 -114.1859359854386 -0.024947254192206062 0.9890281287695638 -0.14560561462672222 -14.977927794125637 -0.7917020297815602 0.06938644864505787 0.6069542130871007 214.36687346095437
0.5880041194995349 0.13346794488023803 0.79777030725705 -113.48095456900371 -0.024981257450070803 0.9888183307407921 -0.14701784098260942 -15.123417793652814 -0.8084720726331769 0.06651779070609955 0.5847634490046316 215.06101599856393
0.5709103333412723 0.1339642077409326 0.8100092482981212 -112.65421339492364 -0.02670343227973741 0.9891059316198829 -0.14476319538759166 -15.310473899105903 -0.8205780389387926 0.06101677702639579 0.5682681012802625 215.59159025773357
0.5533537712006712 0.13426146969168373 0.8220544152634969 -111.86856484926136 -0.024512114933083418 0.9891210077471697 -0.14504753791330513 -15.450272765173782 -0.8325855872638549 0.060112309799520425 0.5506248723868786 216.19426151119177
0.5367166946030189 0.1361266485722665 0.8327092681619905 -111.02502240795003 -0.02673552561325498 0.9891481917385346 -0.14446821951748115 -15.611507166056574 -0.8433388413944827 0.055275585287274456 0.5345317654420164 216.70655011898867
0.515345769204414 0.14028785963730697 0.8454218205141618 -110.22465580158743 -0.02819970416221432 0.9887519594799752 -0.146882059182372 -15.777179433290911 -0.8565182513223351 0.051854402540896315 0.5135052152499081 217.28271502184987
0.49865330208015723 0.14250261020505656 0.855007538217814 -109.37976195505526 -0.027692351820803776 0.9885091959878484 -0.14860250030894726 -15.943329683261522 -0.8663590583442782 0.050423957918665406 0.4968696071331295 217.79119165113264
0.48097037406528015 0.14199392761628254 0.8651619639071009 -108.52265479594716 -0.026218661763001798 0.9886859093207013 -0.14769141642639816 -16.113818877180076 -0.8763447272887867 0.048351806902949435 0.47925152239962693 218.2772994093125
0.4593980508403138 0.14093039112775652 0.876978936885421 -107.67787702961903 -0.02784157820621353 0.989132189640626 -0.14436882606611648 -16.299505842450678 -0.8877940512343523 0.04190627964038893 0.4583291244505369 218.7791667986159
0.43967075329976757 0.1385909073151052 0.8874019321042613 -106.78234544505932 -0.024406151685339057 0.9895018840647298 -0.14244423888751265 -16.449299846969726 -0.8978273600490925 0.040970499654093474 0.43843750946442606 219.198195362399
0.41762799259475636 0.1379352237332546 0.8980872640533972 -105.8999456859689 -0.022062585817898328 0.9896580511063567 -0.141739846858166 -16.59493692610478 -0.908350208954838 0.03938040037893288 0.41635211294971786 219.64558837345098
0.39551869202392176 0.13687989786762847 0.9082008906731039 -105.00477378577152 -0.020536746754888653 0.9899031169507044 -0.1402499949518225 -16.76067600376582 -0.9182282974796667 0.03682000286539667 0.3943362538450935 220.05934896513781
0.3723939840149607 0.1367879177855282 0.9179388793472856 -104.10937639009211 -0.021842358170629624 0.9900964194203173 -0.1386794564475706 -16.941933024811785 -0.9278176717755529 0.03159344550609777 0.37169372088057034 220.4660545049723
0.3524097564993819 0.13654112915202576 0.9258314552735405 -103.18860945741024 -0.017587234587215877 0.9900907119215391 -0.1393236209199816 -17.087542713128006 -0.935680529189112 0.03281618833091122 0.35131900756977374 220.8279744883223
0.3304310842235771 0.13738996433667458 0.9337768985568149 -102.27041689535895 -0.013367039955574889 0.9899304706749861 -0.14092191267509763 -17.238303737889975 -0.943735461250478 0.03408314728349818 0.3289402958738792 221.19429884242177
0.31352599872669223 0.13559875758346615 0.9398480861629905 -101.3167945384145 -0.006472004799500178 0.9900339044403409 -0.14068042227854802 -17.409243751166663 -0.9495575608020297 0.03802426857173406 0.3112789644728349 221.44205661161715
0.29227166112476194 0.1343549943026236 0.9468505751222311 -100.38049733399673 -0.0025871230137272153 0.9901896376652258 -0.13970607808861424 -17.566739423253644 -0.9563318372290442 0.038382508598732705 0.28975196312671475 221.75597166107056
0.27223341011753555 0.13344071767100643 0.9529336520887537 -99.44409330341522 0.0005956016381127909 0.9903139063453998 -0.13884528136593033 -17.748979171484997 -0.9622310614787187 0.038365893269179954 0.2695170543011934 222.0558652516577
0.24886365785937148 0.13881396120878065 0.9585392866076832 -98.50038712695356 -0.0005391512977325464 0.9896956507164044 -0.14318599187383138 -17.90690734433803 -0.9685383777180577 0.03511699199164866 0.24637412153212723 222.3465151178669
0.2301849375988395 0.14760220661196527 0.9618879784600088 -97.54274432376783 -0.0012254870338771545 0.9884735786475324 -0.15138851507711 -18.06373829922514 -0.9731461312075096 0.03366857465056734 0.22771261360946096 222.58801938924896
0.20697417833451937 0.15597561176824803 0.9658329555550776 -96.59998176234072 -0.004554844950598972 0.9873525172892246 -0.15847479291701355 -18.245912152403054 -0.9783358027232881 0.02840097069000603 0.20506692072013805 222.86732467024035
0.1871721014911141 0.158800573734602 0.9694065102963496 -95.63697149810926 -0.005436605611006801 0.9869992660967477 -0.16063278632923922 -18.42319601704057 -0.9823120928415899 0.02479569531239922 0.1856020628957142 223.07025732489217
0.16830999655320394 0.1581974207952353 0.972956998594481 -94.67390887126774 -0.009206638162362061 0.9872472013424525 -0.15892828966305472 -18.64386235038572 -0.9856911194050617 0.0177915568518052 0.16762003946659096 223.22458407600516
0.1504921179256747 0.15815650935088965 0.9758783945718708 -93.69721610559515 -0.008165846012619623 0.9872856910248645 -0.15874597083527683 -18.79231647916532 -0.9885774837619657 0.015921144666059022 0.14987019634129953 223.37960863254727
0.13262325848352904 0.15822872105981697 0.9784552841806163 -92.72082853509423 -0.008793238250242315 0.9873244578993361 -0.1584711134397641 -18.972597672048384 -0.9911275146368814 0.012413165008893315 0.13233352962940534 223.4986296544886
0.11268160737251608 0.15587864859720313 0.981328029902051 -91.75064656725493 -0.008728368295499394 0.9877352017154639 -0.15589415280565153 -19.15900748543911 -0.9935928094279065 0.00900101125444288 0.11266015644207712 223.65354360076557
0.09562686030796452 0.15628414101831006 0.9830721086745342 -90.77025105783645 -0.005213793319259909 0.9876631143515863 -0.15650683342439525 -19.31643957906047 -0.9954035965109134 0.009840722304565713 0.09526195587777672 223.77203318262855
0.07650099502937224 0.15677530346893442 0.9846670005548702 -89.79587445564397 -0.0031299076081178646 0.987593936980074 -0.1569981506851044 -19.501682623297327 -0.9970645924100795 0.00892859800869002 0.07604261107904377 223.8996076771864
0.05525928621561407 0.16055699121939412 0.9854784948731766 -88.8138620132382 -0.008157940518786475 0.987026229538539 -0.16035170784686997 -19.659975285154463 -0.9984387108347865 0.0008214459753612325 0.055852179304631835 224.00253967494425
0.036132820789465524 0.16309060604273848 0.9859492245964768 -87.82751855898897 -0.007918992956069645 0.9866092249023802 -0.16290956659468153 -19.82099991669169 -0.9993156202183351 -0.0019213427899598227 0.036940487673084624 224.03714687503316
0.018922020140340685 0.16039820039867955 0.9868710019362505 -86.8466488102009 -0.0063128848867138095 0.9870472118696255 -0.16030579847524493 -20.01141554289206 -0.9998010325250785 -0.003196693485890504 0.019689502597616718 224.07759962785835
0.0012715851686927657 0.15716362677518794 0.9875717581472313 -85.85831087362597 -0.0061415521859967265 0.9875551587731063 -0.15715307733974423 -20.14859170375187 -0.9999803320105365 -0.005865389967711214 0.0022209891087416234 224.14371183564597
-0.012099915205862084 0.15397425032529793 0.9880007703887478 -84.87373998546288 -0.005039278365093946 0.9880511663418077 -0.15404381962329025 -20.322984588431478 -0.9999140951729645 -0.006842728062338266 -0.011179416223343973 224.12931433743066
-0.026457671018927292 0.14972807186162349 0.988373156323481 -83.89075828431842 -0.004825157963981359 0.9886886268557626 -0.14990502652235838 -20.505710874019254 -0.9996382893301337 -0.008735194482424853 -0.025435936831131104 224.14823733324084
-0.03500320779710744 0.15111925696488493 0.9878956147378524 -82.9053819847364 -0.004470564547355794 0.9884678014103507 -0.15136518631308127 -20.671555721474466 -0.9993772008088543 -0.009714718181492832 -0.03392395546090767 224.10913445873558
-0.04357086113735444 0.15379491282358387 0.9871416842831232 -81.9224012027047 -0.00449261286266945 0.9880398725843365 -0.1541331457317747 -20.848164739703513 -0.9990402376728459 -0.011150559317423014 -0.04235880708297851 224.05855742010624
-0.04800238924283326 0.15629453020625678 0.9865433545742277 -80.93687999187765 -0.005402776830920229 0.9876268570776477 -0.15672906935671133 -21.005323656556747 -0.9988326089137735 -0.012853443371712896 -0.04656402435352083 223.99492552666064
-0.056993280336183234 0.15924604521412689 0.985592442686208 -79.95604892742134 -0.005832689516853366 0.987127113385154 -0.15983129153226305 -21.199983238573342 -0.998357524001057 -0.014857964313131305 -0.05533077956208826 224.0037612567721
-0.06131262961250233 0.16600026054948958 0.9842177985321575 -78.97880521139389 -0.0058144009535637045 0.9859968524666565 -0.16666253228417977 -21.405685018394298 -0.9981016752773995 -0.015941155018514935 -0.05948886774115223 223.9519780812868
-0.0657810859867334 0.1700605304360451 0.9832356099705716 -77.99029520722986 -0.00731571569289903 0.9852611652770554 -0.1709003115877123 -21.544567756633413 -0.9978072604618122 -0.018435080273383152 -0.06356743494122734 223.89231606081455
-0.06708667284837914 0.16117839780365742 0.9846425251874741 -77.01090156615142 -0.0038722923641478966 0.986816291865265 -0.16179805765556154 -21.729955481396 -0.99773963721904 -0.014667317093133951 -0.06557809185473684 223.81219435762225
-0.06829727183055968 0.15110967703604752 0.9861548297131384 -76.03413893076178 -0.000697326842238744 0.9884554035928901 -0.1515104908686836 -21.934619736214376 -0.9976647715519368 -0.01103542541339497 -0.06740343455765174 223.74857598836988
-0.07006745604070919 0.14633789799123825 0.9867501057590389 -75.05501543101018 0.003141510457115625 0.9892087257361534 -0.14647944510913932 -22.127945941616098 -0.9975373088341265 -0.007163556305242753 -0.0697710609424175 223.68578944093235
-0.07300732028711207 0.14974526667039084 0.9860254998194996 -74.06610363615896 -0.0007144206548024646 0.9886557374000498 -0.15019761152917685 -22.275796402767476 -0.997331149011011 -0.011669962114495613 -0.07207212496258991 223.67187171333592
-0.07163679947089281 0.1526095784666595 0.9856868090432076 -73.08406253114805 0.0010681826024377984 0.9882369458749555 -0.15292677265163993 -22.454995024117085 -0.9974302120687414 -0.009902291045295816 -0.0709571468180569 223.6128537315394
-0.07132221040676559 0.1553135594395288 0.985287186842954 -72.09785693309523 -0.004343354240082938 0.9877450725306736 -0.15601540617931794 -22.616034457721348 -0.9974438718928686 -0.015406814906884036 -0.06977358008434634 223.57458077511197
-0.07175557780802938 0.15783847651891644 0.9848543813090384 -71.10969408386102 -0.00997481303455215 0.9872367201970019 -0.1589470396061847 -22.769409816101238 -0.9973723678538327 -0.021229074987626807 -0.06926533199810674 223.5713897196206
-0.07068265797913732 0.1608123598359991 0.9844507843386419 -70.1238544892993 -0.012920987056215884 0.9866888074359501 -0.1621056611414094 -22.9361140285685 -0.9974151642894231 -0.024178134844853465 -0.06766393308791945 223.55322383565996
-0.06735418833139925 0.16203813134350134 0.9844831422146904 -69.14028258504538 -0.015804733714333774 0.9864267814011034 -0.163439332251621 -23.11053835857585 -0.9976039413045832 -0.02656781747417913 -0.06387900569217536 223.50672155330952
-0.06246230126117313 0.16129144960521383 0.9849281847959235 -68.16132577443291 -0.014820062961358443 0.9865964976378351 -0.16250451249905348 -23.30310839329271 -0.9979372859328287 -0.0247471035271004 -0.0592347382203963 223.43919122912405
-0.056590104105994715 0.16085990373986123 0.9853535667394018 -67.17544120111958 -0.014401010075838811 0.9867009455741882 -0.16190693287124797 -23.466362319437597 -0.9982936296631713 -0.023352416829536312 -0.053520964136972035 223.402046058495
-0.0478040581429937 0.16030874603005224 0.9859086559977649 -66.19093153647533 -0.013601389489859027 0.9868411185042666 -0.16111985921409336 -23.640324990530917 -0.998764123419042 -0.02111191074950245 -0.04499458851349058 223.38018949682268
-0.042001905583268585 0.16004591629114392 0.9862155670064674 -65.20450846541428 -0.011700249567088443 0.9869401642131468 -0.1606618076052004 -23.803445998972574 -0.9990490198621101 -0.01828707033478514 -0.03958079043081782 223.36118787890635
-0.034801767976259924 0.16322466205702493 0.9859749219133733 -64.2186489545306 -0.012805477264165215 0.9864187326098723 -0.1637501258269603 -23.965245184317098 -0.9993121918088284 -0.01832467333070354 -0.032238946160804145 223.3175753987886
-0.029295042570859697 0.16315960254907 0.9861646640276598 -63.23689603148375 -0.01690930668346786 0.9863660314562911 -0.1636952269818138 -24.15532186352225 -0.9994277741929408 -0.021470819387513287 -0.02613671912410816 223.32323703382704
-0.02336217308814755 0.16136869441462603 0.9866176327896762 -62.25251405963704 -0.017228879681023167 0.9866754377838454 -0.16178611244161017 -24.33031087063007 -0.9995785984971551 -0.020777991648619248 -0.020270680538977567 223.34249789815328
-0.018242728064721207 0.15922578016042083 0.9870736313999314 -61.27304588466722 -0.019770736525231203 0.9869874427334351 -0.15957727239096223 -24.529511729917814 -0.9996380949373664 -0.022426297482940314 -0.014857332573505475 223.37349970262167
-0.009403243716418605 0.1574847590164543 0.987476647665718 -60.290918735843235 -0.02127227815445838 0.9872653268197281 -0.15765362235492653 -24.713261336843324 -0.9997294980092011 -0.02248833335394761 -0.005933436881970421 223.3327278312201
-0.0003538855634942794 0.1590873249024278 0.9872644518164233 -59.30206724343968 -0.02155223565824497 0.9870339819904801 -0.15905791251655488 -24.860717476947308 -0.9997676609608546 -0.021334044421545843 0.0030793904396316457 223.31200555535858
0.006476782555480823 0.16295080715947086 0.9866129361273304 -58.315247843554424 -0.023280473441269843 0.9863907859982792 -0.1627612879465595 -25.021830654907443 -0.999707992787933 -0.021914646785836777 0.010182210573949758 223.32717183036837
0.011595067579523648 0.16307557730005875 0.9865454426918532 -57.33610501365441 -0.023840741876187507 0.9863763903402741 -0.16276742796413513 -25.217802216575937 -0.9996485249499535 -0.021632675921347124 0.015324943649562625 223.38078587398195
0.019682169874906567 0.16644893573448644 0.9858536219854638 -56.346892900260734 -0.024662517575544513 0.985825421277729 -0.16595179718640973 -25.359920623385072 -0.9995020622369175 -0.02104734081585262 0.02350823321157173 223.41630703895763
0.028398435760656916 0.16590404259888555 0.9857329138745853 -55.3651228816608 -0.023701088664251413 0.9859651550079392 -0.16526031437182473 -25.549510311093535 -0.9993156594602511 -0.018669808769529037 0.031931974540132885 223.42984885910428
0.03509157361337505 0.16592982161214953 0.9855130013150929 -54.380355617823426 -0.024011362188254667 0.9859756728446687 -0.16515273853116222 -25.711499514531674 -0.999095609012071 -0.01786804013418482 0.038583638949187475 223.49303852632698
0.04220613866296871 0.1630355301440445 0.9857170272293148 -53.401253775136915 -0.022903085106933074 0.9864947831467518 -0.16218351185247898 -25.905907953774474 -0.9988463798561549 -0.015730821175883942 0.0453701522301302 223.55274564817216
0.04876967722707394 0.16235577187503075 0.9855263172143173 -52.419593961204285 -0.026265925660575933 0.9865676783453308 -0.1612275323679934 -26.082435829301254 -0.9984646311874843 -0.01802274627077877 0.05237901187020077 223.62473119444184
0.05453877621339822 0.16141783503224916 0.9853780007807317 -51.435583955355 -0.027597010965123348 0.9867134649096673 -0.1601091601118594 -26.24957031483876 -0.9981302153902236 -0.018461329839272334 0.05826879461280699 223.68629719262748
0.05925564312922201 0.16263648038708944 0.9849051446736519 -50.45715271769617 -0.028058104790136196 0.986520364002628 -0.16121511766482594 -26.42292431312076 -0.9978484411537285 -0.01808166627820647 0.06302017003845037 223.79863910133938
0.06766021504133445 0.1623026921586785 0.9844185753116357 -49.482136580619276 -0.02391921553001982 0.9866599111832789 -0.16102822979902587 -26.61338886120037 -0.9974216592940954 -0.0126513154186981 0.07063977483817123 223.912949154985
0.07988930618927378 0.1644512041630828 0.9831446995259109 -48.496210469694454 -0.023613178182973454 0.986332604527742 -0.1630656648764392 -26.779478130814283 -0.9965240170576389 -0.010187968139271714 0.08268064303388861 223.9320294672402
0.08940685585627212 0.16652757058112422 0.9819750416187926 -47.521702445273135 -0.025976294933179614 0.9859779777190804 -0.1648413162848191 -26.96422552925804 -0.9956563896382317 -0.010770129493867981 0.09247896021931036 224.0593185441742
